Supplemental results for CODEML (seqf: atp8.pal2nal  treef: )


pairwise comparison (Goldman & Yang 1994)
seq seq        N       S       dN       dS     dN/dS   Paras.
  2   1    104.8     36.2   0.1205   2.4342   0.0495   2.1446   0.0495  -255.762
  3   1    105.0     36.0   0.1089   1.2819   0.0849   1.2247   0.0849  -243.806
  3   2    105.8     35.2   0.0404   0.3026   0.1337   0.3175   0.1337  -212.488
  4   1    106.3     34.7   0.1158   0.6141   0.1885   0.7156   0.1885  -242.449
  4   2    104.8     36.2   0.1303   1.4522   0.0898   1.4100   0.0898  -258.921
  4   3    105.9     35.1   0.1175   1.1648   0.1008   1.1341   0.1008  -250.186
  5   1    106.7     34.3   0.1166   0.3981   0.2929   0.5552   0.2929  -237.281
  5   2    104.6     36.4   0.1322   0.8723   0.1516   0.9698   0.1516  -259.770
  5   3    105.1     35.9   0.0959   0.7703   0.1245   0.8028   0.1245  -243.088
  5   4    106.0     35.0   0.1156   0.7079   0.1633   0.7876   0.1633  -247.820
  6   1    108.5     32.5   0.1263   0.2593   0.4872   0.4709   0.4872  -230.839
  6   2    106.7     34.3   0.1163   0.9735   0.1195   0.9754   0.1195  -254.861
  6   3    107.7     33.3   0.1047   0.8595   0.1218   0.8493   0.1218  -242.070
  6   4    107.8     33.2   0.0796   0.5349   0.1488   0.5606   0.1488  -229.954
  6   5    107.9     33.1   0.0488   0.2599   0.1877   0.2952   0.1877  -213.338
  7   1    108.5     32.5   0.1263   0.2593   0.4872   0.4709   0.4872  -230.839
  7   2    106.7     34.3   0.1163   0.9735   0.1195   0.9754   0.1195  -254.861
  7   3    107.7     33.3   0.1047   0.8595   0.1218   0.8493   0.1218  -242.070
  7   4    107.8     33.2   0.0796   0.5349   0.1488   0.5606   0.1488  -229.954
  7   5    107.9     33.1   0.0488   0.2599   0.1877   0.2952   0.1877  -213.338
  7   6    109.6     31.4   0.0000   0.0000   0.7484   0.0000   0.7484  -161.331
  8   1    108.1     32.9   0.1150   0.3637   0.3162   0.5191   0.3162  -230.153
  8   2    106.0     35.0   0.1296   0.9600   0.1350   1.0076   0.1350  -255.191
  8   3    106.6     34.4   0.1174   0.8512   0.1380   0.8896   0.1380  -243.054
  8   4    107.3     33.7   0.0692   0.6566   0.1054   0.6294   0.1054  -229.404
  8   5    107.5     33.5   0.0811   0.0982   0.8266   0.2556   0.8266  -210.703
  8   6    109.1     31.9   0.0684   0.2223   0.3078   0.3097   0.3078  -213.934
  8   7    109.1     31.9   0.0684   0.2223   0.3078   0.3097   0.3078  -213.934
  9   1    108.3     32.7   0.4306   1.4519   0.2966   2.0025   0.2966  -306.438
  9   2    106.7     34.3   0.4272   3.4440   0.1240   3.4857   0.1240  -311.563
  9   3    108.3     32.7   0.3978   2.1137   0.1882   2.3888   0.1882  -302.235
  9   4    108.0     33.0   0.4088   2.4420   0.1674   2.6555   0.1674  -310.640
  9   5    107.7     33.3   0.3887  21.5646   0.0180  16.1836   0.0180  -310.307
  9   6    109.2     31.8   0.4049   2.3827   0.1699   2.5529   0.1699  -307.888
  9   7    109.2     31.8   0.4049   2.3827   0.1699   2.5529   0.1699  -307.888
  9   8    108.7     32.3   0.4416   1.2198   0.3620   1.8591   0.3620  -308.215
 10   1    104.9     36.1   0.4412  11.2443   0.0392   9.6173   0.0392  -309.376
 10   2    104.9     36.1   0.5478   1.4031   0.3904   2.2998   0.3904  -316.539
 10   3    108.1     32.9   0.5068   1.5188   0.3337   2.2281   0.3337  -306.418
 10   4    105.7     35.3   0.5334   3.7442   0.1425   4.0148   0.1425  -319.317
 10   5    104.8     36.2   0.4543   1.7546   0.2589   2.3636   0.2589  -315.254
 10   6    107.0     34.0   0.5081   2.3327   0.2178   2.8425   0.2178  -317.256
 10   7    107.0     34.0   0.5081   2.3327   0.2178   2.8425   0.2178  -317.256
 10   8    106.2     34.8   0.5513   1.8399   0.2997   2.6091   0.2997  -318.987
 10   9    106.9     34.1   0.3281   1.1813   0.2778   1.6035   0.2778  -307.058
 11   1    108.0     33.0   0.3344  70.2067   0.0048  50.0000   0.0048  -295.287
 11   2    106.5     34.5   0.3260  31.9226   0.0102  24.1765   0.0102  -298.249
 11   3    108.2     32.8   0.3387  14.9693   0.0226  11.2341   0.0226  -291.785
 11   4    107.4     33.6   0.3504   7.4336   0.0471   6.1077   0.0471  -300.596
 11   5    107.2     33.8   0.3285  68.4923   0.0048  50.0000   0.0048  -300.184
 11   6    109.3     31.7   0.3442  63.0202   0.0055  43.3303   0.0055  -298.538
 11   7    109.3     31.7   0.3442  63.0200   0.0055  43.3301   0.0055  -298.538
 11   8    108.6     32.4   0.3636  71.3341   0.0051  50.0000   0.0051  -299.507
 11   9    108.5     32.5   0.2871   0.7750   0.3705   1.1987   0.3705  -292.436
 11  10    106.9     34.1   0.2494   1.2366   0.2017   1.4646   0.2017  -286.511
 12   1    107.1     33.9   0.4631   1.7205   0.2691   2.2974   0.2691  -302.304
 12   2    106.2     34.8   0.4760   1.3584   0.3504   2.0816   0.3504  -305.487
 12   3    108.4     32.6   0.4554   1.2624   0.3608   1.9255   0.3608  -295.730
 12   4    107.0     34.0   0.4754   1.7971   0.2645   2.3824   0.2645  -307.715
 12   5    106.4     34.6   0.4475   0.9222   0.4853   1.6917   0.4853  -300.770
 12   6    108.3     32.7   0.4698   1.3963   0.3365   2.0545   0.3365  -303.547
 12   7    108.3     32.7   0.4698   1.3963   0.3365   2.0545   0.3365  -303.547
 12   8    107.6     33.4   0.4557   1.0989   0.4147   1.8239   0.4147  -300.243
 12   9    107.5     33.5   0.3401   0.9631   0.3531   1.4638   0.3531  -304.645
 12  10    106.8     34.2   0.3195   1.4382   0.2221   1.7719   0.2221  -305.240
 12  11    107.8     33.2   0.1601   1.3190   0.1214   1.2987   0.1214  -272.118
 13   1    108.9     32.1   0.4275   1.3846   0.3087   1.9356   0.3087  -300.824
 13   2    108.7     32.3   0.4241   2.6411   0.1606   2.7968   0.1606  -306.561
 13   3    111.5     29.5   0.4053   1.7731   0.2286   2.0734   0.2286  -295.922
 13   4    109.1     31.9   0.4778   2.7287   0.1751   2.9622   0.1751  -312.242
 13   5    108.3     32.7   0.4047   1.3125   0.3084   1.8461   0.3084  -303.603
 13   6    110.3     30.7   0.4348   1.5066   0.2886   2.0049   0.2886  -303.400
 13   7    110.3     30.7   0.4348   1.5066   0.2886   2.0049   0.2886  -303.400
 13   8    109.4     31.6   0.4978   1.4555   0.3420   2.1362   0.3420  -307.390
 13   9    109.6     31.4   0.3174   0.9865   0.3217   1.3990   0.3217  -302.602
 13  10    109.7     31.3   0.2849   1.4026   0.2031   1.5988   0.2031  -293.424
 13  11    110.2     30.8   0.1344   0.8561   0.1570   0.8762   0.1570  -253.541
 13  12    109.5     31.5   0.0565   0.3275   0.1725   0.3513   0.1725  -227.924
 14   1    107.4     33.6   0.4214   1.4394   0.2928   1.9917   0.2928  -304.072
 14   2    106.1     34.9   0.4217   1.5020   0.2808   2.0674   0.2808  -307.707
 14   3    107.9     33.1   0.3998   1.9396   0.2061   2.2853   0.2061  -301.490
 14   4    107.1     33.9   0.4761   1.7375   0.2740   2.3389   0.2740  -314.376
 14   5    106.7     34.3   0.3967   1.1578   0.3427   1.7457   0.3427  -305.055
 14   6    108.4     32.6   0.4279   1.3863   0.3087   1.9483   0.3087  -306.117
 14   7    108.4     32.6   0.4279   1.3863   0.3087   1.9483   0.3087  -306.117
 14   8    107.9     33.1   0.4909   1.2699   0.3866   2.0221   0.3866  -309.185
 14   9    107.5     33.5   0.3058   1.2701   0.2408   1.6042   0.2408  -307.014
 14  10    106.4     34.6   0.2800   0.8742   0.3203   1.2780   0.3203  -296.678
 14  11    107.8     33.2   0.1274  70.2787   0.0018  50.0000   0.0018  -264.923
 14  12    106.9     34.1   0.0580   0.6117   0.0948   0.5762   0.0948  -239.863
 14  13    109.0     32.0   0.0183   0.6723   0.0272   0.4995   0.0272  -222.042
 15   1    107.6     33.4   0.4064   2.0069   0.2025   2.3575   0.2025  -302.524
 15   2    108.3     32.7   0.4032   1.9591   0.2058   2.2917   0.2058  -303.802
 15   3    111.9     29.1   0.3806   1.5136   0.2515   1.8434   0.2515  -292.445
 15   4    108.5     32.5   0.4550   3.3792   0.1346   3.3889   0.1346  -311.918
 15   5    107.3     33.7   0.3837   1.5262   0.2514   1.9700   0.2514  -303.627
 15   6    109.5     31.5   0.4136   1.7759   0.2329   2.1544   0.2329  -303.762
 15   7    109.5     31.5   0.4136   1.7759   0.2329   2.1544   0.2329  -303.762
 15   8    108.5     32.5   0.4735   1.6977   0.2789   2.2674   0.2789  -308.445
 15   9    109.3     31.7   0.3048   1.4425   0.2113   1.6824   0.2113  -303.106
 15  10    110.0     31.0   0.2404   1.2457   0.1930   1.3842   0.1930  -284.263
 15  11    109.6     31.4   0.1520   1.5187   0.1001   1.3703   0.1001  -263.870
 15  12    109.4     31.6   0.0665   0.4984   0.1334   0.4895   0.1334  -238.915
 15  13    112.3     28.7   0.0269   0.3159   0.0853   0.2572   0.0853  -208.121
 15  14    108.8     32.2   0.0277   0.4927   0.0562   0.4019   0.0562  -223.576
 16   1    108.0     33.0   0.3660   2.4159   0.1515   2.5378   0.1515  -295.804
 16   2    107.2     33.8   0.3798   2.8558   0.1330   2.9220   0.1330  -301.462
 16   3    109.5     31.5   0.3698  73.3020   0.0050  50.0000   0.0050  -293.938
 16   4    107.8     33.2   0.4137   5.0894   0.0813   4.5404   0.0813  -306.803
 16   5    107.3     33.7   0.3893   2.8674   0.1358   2.9470   0.1358  -303.395
 16   6    109.3     31.7   0.4270   2.9464   0.1449   2.9813   0.1449  -303.254
 16   7    109.3     31.7   0.4270   2.9464   0.1449   2.9813   0.1449  -303.254
 16   8    108.5     32.5   0.4440   2.5501   0.1741   2.7881   0.1741  -303.363
 16   9    108.6     32.4   0.3395   1.4157   0.2398   1.7603   0.2398  -307.137
 16  10    107.9     33.1   0.2472   2.2064   0.1120   2.1207   0.1120  -291.710
 16  11    109.1     31.9   0.1534   1.3924   0.1101   1.3022   0.1101  -266.168
 16  12    108.2     32.8   0.1335   0.8407   0.1588   0.8944   0.1588  -263.239
 16  13    110.7     30.3   0.0873   0.9487   0.0920   0.8178   0.0920  -248.207
 16  14    107.9     33.1   0.0892   1.1722   0.0761   1.0305   0.0761  -251.771
 16  15    110.5     30.5   0.0664   1.1130   0.0596   0.8776   0.0596  -242.876
 17   1    108.3     32.7   0.4094   1.7336   0.2362   2.1481   0.2362  -301.663
 17   2    106.4     34.6   0.4087   1.7788   0.2298   2.2354   0.2298  -308.265
 17   3    107.5     33.5   0.4164   1.6794   0.2479   2.1500   0.2479  -302.751
 17   4    107.5     33.5   0.4392   2.8885   0.1520   3.0616   0.1520  -311.647
 17   5    107.5     33.5   0.4040   1.4391   0.2807   1.9501   0.2807  -306.602
 17   6    109.3     31.7   0.4330   2.1588   0.2006   2.4616   0.2006  -308.241
 17   7    109.3     31.7   0.4330   2.1588   0.2006   2.4616   0.2006  -308.241
 17   8    108.8     32.2   0.4621   1.3387   0.3452   1.9861   0.3452  -306.363
 17   9    108.4     32.6   0.3043   0.9966   0.3053   1.3929   0.3053  -300.831
 17  10    106.3     34.7   0.1933   1.6431   0.1176   1.6490   0.1176  -286.350
 17  11    108.7     32.3   0.1531   0.8045   0.1903   0.9074   0.1903  -266.237
 17  12    107.5     33.5   0.1211   0.4771   0.2539   0.6172   0.2539  -257.624
 17  13    109.6     31.4   0.0970   0.4190   0.2315   0.5061   0.2315  -247.353
 17  14    107.6     33.4   0.0779   0.8639   0.0902   0.7920   0.0902  -248.835
 17  15    108.8     32.2   0.0664   0.9927   0.0668   0.8345   0.0668  -246.689
 17  16    108.6     32.4   0.0672   0.5891   0.1140   0.5611   0.1140  -239.735
 18   1    108.8     32.2   0.4475   2.7177   0.1647   2.8977   0.1647  -310.646
 18   2    108.7     32.3   0.4781   2.1824   0.2191   2.6067   0.2191  -314.133
 18   3    111.9     29.1   0.4529   1.6593   0.2729   2.1066   0.2729  -303.190
 18   4    109.1     31.9   0.4963   2.4143   0.2056   2.7902   0.2056  -318.129
 18   5    108.1     32.9   0.4454   2.2812   0.1953   2.6205   0.1953  -315.076
 18   6    110.2     30.8   0.4610   2.4224   0.1903   2.6674   0.1903  -312.664
 18   7    110.2     30.8   0.4610   2.4224   0.1903   2.6674   0.1903  -312.664
 18   8    109.3     31.7   0.5088   2.4609   0.2068   2.8418   0.2068  -316.556
 18   9    109.4     31.6   0.2134   1.4047   0.1519   1.4418   0.1519  -290.920
 18  10    109.7     31.3   0.2249   1.7788   0.1264   1.7097   0.1264  -284.777
 18  11    110.1     30.9   0.1557   1.1893   0.1309   1.1476   0.1309  -267.950
 18  12    109.3     31.7   0.1783   0.6649   0.2681   0.8626   0.2681  -274.071
 18  13    112.1     28.9   0.1387   0.8735   0.1588   0.8683   0.1588  -263.030
 18  14    108.8     32.2   0.1334   1.0741   0.1242   1.0446   0.1242  -266.890
 18  15    112.4     28.6   0.1551   1.0988   0.1412   1.0393   0.1412  -268.044
 18  16    110.6     30.4   0.1817   0.9079   0.2001   1.0149   0.2001  -268.132
 18  17    109.3     31.7   0.1835   0.5652   0.3247   0.8078   0.3247  -270.710
 19   1    107.8     33.2   0.4104   4.3242   0.0949   3.9954   0.0949  -308.644
 19   2    106.5     34.5   0.4353   3.7454   0.1162   3.7329   0.1162  -314.913
 19   3    108.4     32.6   0.4266   2.0120   0.2120   2.3782   0.2120  -307.420
 19   4    107.5     33.5   0.4836   3.0653   0.1578   3.2912   0.1578  -318.771
 19   5    107.1     33.9   0.3717   3.0604   0.1214   3.0537   0.1214  -308.941
 19   6    109.2     31.8   0.4022  13.8674   0.0290  10.3278   0.0290  -312.402
 19   7    109.2     31.8   0.4022  13.8674   0.0290  10.3278   0.0290  -312.402
 19   8    108.5     32.5   0.4664   2.8004   0.1665   3.0120   0.1665  -316.086
 19   9    108.4     32.6   0.2565   0.7596   0.3376   1.1184   0.3376  -295.375
 19  10    107.0     34.0   0.2576  45.1493   0.0057  33.2112   0.0057  -298.144
 19  11    108.7     32.3   0.1691   1.0442   0.1619   1.1091   0.1619  -274.217
 19  12    107.8     33.2   0.1563   1.4727   0.1061   1.3992   0.1061  -277.769
 19  13    110.2     30.8   0.1412   1.5305   0.0923   1.3336   0.0923  -270.188
 19  14    107.7     33.3   0.1324   1.2212   0.1084   1.1691   0.1084  -269.892
 19  15    109.8     31.2   0.1303   1.8273   0.0713   1.5173   0.0713  -269.025
 19  16    109.0     32.0   0.1916  13.0567   0.0147   9.3322   0.0147  -279.606
 19  17    108.4     32.6   0.1791   1.0503   0.1706   1.1425   0.1706  -276.397
 19  18    110.1     30.9   0.1421   0.8731   0.1627   0.9076   0.1627  -267.572
 20   1    107.8     33.2   0.3970   1.5819   0.2510   2.0286   0.2510  -300.873
 20   2    106.9     34.1   0.3937  14.8579   0.0265  11.6891   0.0265  -308.763
 20   3    109.0     32.0   0.3736  26.3206   0.0142  18.7664   0.0142  -299.823
 20   4    107.7     33.3   0.4466  12.8056   0.0349  10.1086   0.0349  -315.490
 20   5    107.2     33.8   0.4225   1.7752   0.2380   2.2405   0.2380  -310.628
 20   6    109.3     31.7   0.4239   2.6919   0.1575   2.8017   0.1575  -309.911
 20   7    109.3     31.7   0.4239   2.6919   0.1575   2.8017   0.1575  -309.911
 20   8    108.6     32.4   0.4724   2.5658   0.1841   2.8612   0.1841  -313.001
 20   9    108.7     32.3   0.2572   1.0895   0.2361   1.3434   0.2361  -300.278
 20  10    107.6     33.4   0.2407   1.0160   0.2369   1.2726   0.2369  -288.609
 20  11    109.0     32.0   0.1460   0.8723   0.1674   0.9330   0.1674  -261.586
 20  12    108.3     32.7   0.1096   1.1691   0.0937   1.0669   0.0937  -263.866
 20  13    110.8     30.2   0.0968   1.1616   0.0833   0.9753   0.0833  -251.835
 20  14    108.1     32.9   0.0883   1.6919   0.0522   1.3890   0.0522  -259.104
 20  15    110.5     30.5   0.1104   2.0543   0.0537   1.5923   0.0537  -258.890
 20  16    109.4     31.6   0.1528  73.8767   0.0021  50.0000   0.0021  -269.240
 20  17    108.6     32.4   0.1597   1.2705   0.1257   1.2449   0.1257  -275.465
 20  18    110.7     30.3   0.1178   0.5426   0.2171   0.6276   0.2171  -257.669
 20  19    108.8     32.2   0.0564   0.5298   0.1065   0.4934   0.1065  -240.652
 21   1    107.8     33.2   0.3970   1.5819   0.2510   2.0286   0.2510  -300.873
 21   2    106.9     34.1   0.3937  14.8579   0.0265  11.6891   0.0265  -308.763
 21   3    109.0     32.0   0.3736  26.3206   0.0142  18.7664   0.0142  -299.823
 21   4    107.7     33.3   0.4466  12.8056   0.0349  10.1086   0.0349  -315.490
 21   5    107.2     33.8   0.4225   1.7752   0.2380   2.2405   0.2380  -310.628
 21   6    109.3     31.7   0.4239   2.6918   0.1575   2.8017   0.1575  -309.911
 21   7    109.3     31.7   0.4239   2.6919   0.1575   2.8017   0.1575  -309.911
 21   8    108.6     32.4   0.4724   2.5658   0.1841   2.8612   0.1841  -313.001
 21   9    108.7     32.3   0.2572   1.0895   0.2361   1.3434   0.2361  -300.278
 21  10    107.6     33.4   0.2407   1.0160   0.2369   1.2726   0.2369  -288.609
 21  11    109.0     32.0   0.1460   0.8723   0.1674   0.9330   0.1674  -261.586
 21  12    108.3     32.7   0.1096   1.1691   0.0937   1.0669   0.0937  -263.866
 21  13    110.8     30.2   0.0968   1.1616   0.0833   0.9753   0.0833  -251.835
 21  14    108.1     32.9   0.0883   1.6919   0.0522   1.3890   0.0522  -259.104
 21  15    110.5     30.5   0.1104   2.0543   0.0537   1.5923   0.0537  -258.890
 21  16    109.4     31.6   0.1528  73.8767   0.0021  50.0000   0.0021  -269.240
 21  17    108.6     32.4   0.1597   1.2705   0.1257   1.2449   0.1257  -275.465
 21  18    110.7     30.3   0.1178   0.5426   0.2171   0.6276   0.2171  -257.669
 21  19    108.8     32.2   0.0564   0.5298   0.1065   0.4934   0.1065  -240.652
 21  20    109.2     31.8   0.0000   0.0000   0.6846   0.0000   0.6846  -173.796
 22   1    108.3     32.7   0.4344  70.3505   0.0062  50.0000   0.0062  -309.875
 22   2    106.5     34.5   0.4521  17.6805   0.0256  14.0001   0.0256  -314.674
 22   3    108.3     32.7   0.4276  70.4129   0.0061  50.0000   0.0061  -306.376
 22   4    107.5     33.5   0.4767  12.8344   0.0371  10.2292   0.0371  -319.174
 22   5    107.3     33.7   0.3835  68.4548   0.0056  50.0000   0.0056  -311.493
 22   6    109.2     31.8   0.4391  43.6908   0.0100  30.5664   0.0100  -313.540
 22   7    109.2     31.8   0.4391  43.6909   0.0100  30.5665   0.0100  -313.540
 22   8    108.6     32.4   0.4811  36.1991   0.0133  26.0511   0.0133  -316.382
 22   9    107.8     33.2   0.2602   1.9208   0.1355   1.9534   0.1355  -302.744
 22  10    106.4     34.6   0.2672   5.2947   0.0505   4.5071   0.0505  -301.986
 22  11    108.6     32.4   0.1556   1.2929   0.1203   1.2501   0.1203  -272.840
 22  12    107.3     33.7   0.1461  18.1833   0.0080  13.3772   0.0080  -279.085
 22  13    109.6     31.4   0.1319   1.8624   0.0708   1.5521   0.0708  -269.141
 22  14    107.3     33.7   0.1229  26.2221   0.0047  19.1097   0.0047  -273.217
 22  15    109.0     32.0   0.1246   1.8943   0.0658   1.5792   0.0658  -266.628
 22  16    108.6     32.4   0.1629   1.4272   0.1142   1.3617   0.1142  -275.056
 22  17    108.4     32.6   0.1469   1.4208   0.1034   1.3246   0.1034  -274.247
 22  18    109.2     31.8   0.1099   0.8415   0.1307   0.8246   0.1307  -261.386
 22  19    108.3     32.7   0.0866   1.6864   0.0514   1.3744   0.0514  -259.542
 22  20    108.6     32.4   0.0865   0.9851   0.0878   0.8795   0.0878  -256.479
 22  21    108.6     32.4   0.0865   0.9851   0.0878   0.8795   0.0878  -256.479
 23   1    107.5     33.5   0.4448  68.6806   0.0065  50.0000   0.0065  -308.662
 23   2    106.0     35.0   0.4620  18.2849   0.0253  14.6435   0.0253  -313.221
 23   3    108.1     32.9   0.4356  25.5422   0.0171  18.8759   0.0171  -304.164
 23   4    107.0     34.0   0.4862  14.8679   0.0327  11.8739   0.0327  -317.822
 23   5    106.6     34.4   0.4297  66.9254   0.0064  50.0000   0.0064  -313.510
 23   6    108.6     32.4   0.4482  48.8692   0.0092  34.7181   0.0092  -312.130
 23   7    108.6     32.4   0.4482  48.8690   0.0092  34.7179   0.0092  -312.130
 23   8    107.9     33.1   0.4916  69.4454   0.0071  50.0000   0.0071  -314.782
 23   9    107.4     33.6   0.2632   1.8897   0.1393   1.9537   0.1393  -301.413
 23  10    106.2     34.8   0.2452   3.1690   0.0774   2.9032   0.0774  -295.956
 23  11    108.1     32.9   0.1333   1.3554   0.0983   1.2545   0.0983  -266.618
 23  12    106.9     34.1   0.1597  10.2026   0.0156   7.7556   0.0156  -280.354
 23  13    109.4     31.6   0.1444   1.5370   0.0939   1.3702   0.0939  -269.292
 23  14    106.8     34.2   0.1367  27.5196   0.0050  20.3311   0.0050  -274.690
 23  15    108.9     32.1   0.1373   1.6706   0.0822   1.4581   0.0822  -266.967
 23  16    108.2     32.8   0.1771   1.3502   0.1311   1.3505   0.1311  -276.194
 23  17    107.8     33.2   0.1610   1.2266   0.1312   1.2357   0.1312  -275.113
 23  18    109.1     31.9   0.1099   1.0140   0.1084   0.9443   0.1084  -262.470
 23  19    107.8     33.2   0.1092   2.6341   0.0414   2.1085   0.0414  -265.311
 23  20    108.2     32.8   0.0875   1.1243   0.0778   0.9861   0.0778  -255.914
 23  21    108.2     32.8   0.0875   1.1243   0.0778   0.9861   0.0778  -255.914
 23  22    107.5     33.5   0.0184   0.1142   0.1609   0.1235   0.1609  -198.870
 24   1    107.6     33.4   0.3729   1.8594   0.2005   2.1767   0.2005  -292.286
 24   2    107.7     33.3   0.3807  13.1655   0.0289  10.1920   0.0289  -297.492
 24   3    111.0     30.0   0.3512  19.6761   0.0178  13.3985   0.0178  -285.737
 24   4    107.9     33.1   0.3943   6.0247   0.0655   5.1468   0.0655  -301.768
 24   5    107.0     34.0   0.3617   1.6423   0.2203   2.0112   0.2203  -296.213
 24   6    109.4     31.6   0.3738   1.9108   0.1956   2.1553   0.1956  -294.697
 24   7    109.4     31.6   0.3738   1.9108   0.1956   2.1553   0.1956  -294.697
 24   8    108.4     32.6   0.4190   1.5191   0.2758   2.0205   0.2758  -296.733
 24   9    108.9     32.1   0.2354   1.0147   0.2320   1.2385   0.2320  -286.701
 24  10    109.1     31.9   0.2631   8.3703   0.0314   6.2920   0.0314  -294.657
 24  11    109.5     31.5   0.1234   0.9288   0.1328   0.9095   0.1328  -255.505
 24  12    109.0     32.0   0.0987   1.4634   0.0674   1.2254   0.0674  -253.603
 24  13    111.9     29.1   0.1078   1.1020   0.0978   0.9390   0.0978  -252.201
 24  14    108.5     32.5   0.1014   1.6868   0.0601   1.4015   0.0601  -258.906
 24  15    112.2     28.8   0.1219   2.0612   0.0591   1.5551   0.0591  -257.939
 24  16    110.2     30.8   0.1507   1.3086   0.1152   1.2097   0.1152  -263.032
 24  17    108.8     32.2   0.1497   1.0117   0.1480   1.0403   0.1480  -267.778
 24  18    112.0     29.0   0.0864   0.5707   0.1514   0.5585   0.1514  -243.805
 24  19    109.5     31.5   0.1187   1.1403   0.1041   1.0401   0.1041  -262.670
 24  20    110.1     30.9   0.0761   1.0944   0.0695   0.8968   0.0695  -249.139
 24  21    110.1     30.9   0.0761   1.0944   0.0695   0.8968   0.0695  -249.139
 24  22    109.1     31.9   0.0469   0.8092   0.0579   0.6579   0.0579  -233.326
 24  23    108.9     32.1   0.0471   0.8860   0.0532   0.7138   0.0532  -231.419
 25   1    106.3     34.7   0.3627  66.5927   0.0054  50.0000   0.0054  -300.266
 25   2    105.1     35.9   0.3894  64.2770   0.0061  50.0000   0.0061  -307.128
 25   3    107.0     34.0   0.3695  67.9106   0.0054  50.0000   0.0054  -297.199
 25   4    106.0     35.0   0.3736  65.9736   0.0057  50.0000   0.0057  -307.515
 25   5    105.6     35.4   0.3894   2.2252   0.1750   2.5507   0.1750  -305.996
 25   6    107.8     33.2   0.4076   1.7589   0.2317   2.1783   0.2317  -305.122
 25   7    107.8     33.2   0.4076   1.7589   0.2317   2.1783   0.2317  -305.122
 25   8    107.1     33.9   0.4198   1.7684   0.2374   2.2331   0.2374  -304.941
 25   9    107.1     33.9   0.2411   1.4432   0.1670   1.5898   0.1670  -298.455
 25  10    105.7     35.3   0.3013   1.3559   0.2222   1.6967   0.2222  -302.354
 25  11    107.3     33.7   0.1256   1.0712   0.1173   1.0546   0.1173  -265.267
 25  12    106.5     34.5   0.1603   1.9369   0.0828   1.7843   0.0828  -278.189
 25  13    109.0     32.0   0.1574   1.0218   0.1541   1.0607   0.1541  -271.410
 25  14    106.4     34.6   0.1485   1.9783   0.0751   1.7929   0.0751  -278.276
 25  15    108.5     32.5   0.1760   1.8745   0.0939   1.7012   0.0939  -278.575
 25  16    107.6     33.4   0.1767   1.6122   0.1096   1.5495   0.1096  -276.300
 25  17    107.0     34.0   0.2033   0.9374   0.2169   1.1403   0.2169  -284.356
 25  18    108.8     32.2   0.1211   0.6507   0.1861   0.7257   0.1861  -264.356
 25  19    107.1     33.9   0.1119   0.9124   0.1227   0.9123   0.1227  -266.181
 25  20    107.5     33.5   0.0889   0.4870   0.1826   0.5503   0.1826  -249.784
 25  21    107.5     33.5   0.0889   0.4870   0.1826   0.5503   0.1826  -249.784
 25  22    107.0     34.0   0.0893   0.7939   0.1125   0.7773   0.1125  -251.949
 25  23    106.5     34.5   0.0904   0.9085   0.0995   0.8710   0.0995  -252.128
 25  24    108.3     32.7   0.0788   0.9196   0.0857   0.8221   0.0857  -245.440
 26   1    110.3     30.7   0.3759  17.3612   0.0217  12.2285   0.0217  -303.630
 26   2    107.8     33.2   0.4107  12.2358   0.0336   9.5968   0.0336  -311.034
 26   3    108.7     32.3   0.3930  20.3769   0.0193  14.9066   0.0193  -303.622
 26   4    109.1     31.9   0.4172  12.9924   0.0321   9.7821   0.0321  -313.815
 26   5    109.2     31.8   0.3626  56.5146   0.0064  39.1365   0.0064  -309.105
 26   6    110.8     30.2   0.3835  11.8765   0.0323   8.5440   0.0323  -307.605
 26   7    110.8     30.2   0.3835  11.8765   0.0323   8.5440   0.0323  -307.605
 26   8    110.4     30.6   0.4234  11.7430   0.0361   8.6513   0.0361  -311.091
 26   9    109.2     31.8   0.2458   1.9174   0.1282   1.8673   0.1282  -299.588
 26  10    107.1     33.9   0.2830   1.1317   0.2500   1.4609   0.2500  -293.339
 26  11    110.0     31.0   0.1215   1.4751   0.0823   1.2580   0.0823  -260.365
 26  12    108.3     32.7   0.1219   2.9231   0.0417   2.3145   0.0417  -269.972
 26  13    110.2     30.8   0.1085   1.3517   0.0803   1.1400   0.0803  -255.662
 26  14    108.5     32.5   0.1007   0.8852   0.1138   0.8448   0.1138  -256.441
 26  15    109.2     31.8   0.1018   1.7402   0.0585   1.4132   0.0585  -254.743
 26  16    109.5     31.5   0.1624   1.2189   0.1332   1.1950   0.1332  -269.362
 26  17    110.0     31.0   0.1502   0.7227   0.2079   0.8283   0.2079  -263.461
 26  18    109.8     31.2   0.1088   1.0662   0.1020   0.9627   0.1020  -262.211
 26  19    109.6     31.4   0.0764   0.9288   0.0823   0.7993   0.0823  -252.041
 26  20    109.7     31.3   0.0769   0.5994   0.1283   0.5784   0.1283  -243.202
 26  21    109.7     31.3   0.0769   0.5994   0.1283   0.5784   0.1283  -243.202
 26  22    109.3     31.7   0.0865   0.8150   0.1062   0.7513   0.1062  -250.056
 26  23    108.6     32.4   0.0873   0.9052   0.0965   0.8251   0.0965  -250.310
 26  24    109.5     31.5   0.0766   1.5153   0.0505   1.1925   0.0505  -249.984
 26  25    108.3     32.7   0.1114   0.7613   0.1463   0.7859   0.1463  -259.222
 27   1    107.4     33.6   0.3988   2.5596   0.1558   2.7430   0.1558  -306.530
 27   2    107.2     33.8   0.4204   2.2987   0.1829   2.6102   0.1829  -310.012
 27   3    110.3     30.7   0.4009   1.4245   0.2814   1.8719   0.2814  -299.299
 27   4    107.8     33.2   0.4289   5.3414   0.0803   4.7583   0.0803  -314.452
 27   5    106.9     34.1   0.3504   2.8719   0.1220   2.8790   0.1220  -306.677
 27   6    109.1     31.9   0.3512  17.9820   0.0195  13.0206   0.0195  -305.911
 27   7    109.1     31.9   0.3512  17.9821   0.0195  13.0206   0.0195  -305.911
 27   8    108.2     32.8   0.4500   2.2588   0.1992   2.6111   0.1992  -313.331
 27   9    108.6     32.4   0.2447   0.8246   0.2968   1.1339   0.2968  -294.922
 27  10    108.5     32.5   0.2206   1.2079   0.1826   1.3449   0.1826  -283.615
 27  11    109.0     32.0   0.1243   0.7893   0.1575   0.8263   0.1575  -256.815
 27  12    108.5     32.5   0.1202   1.2486   0.0963   1.1409   0.0963  -266.528
 27  13    111.3     29.7   0.1069   1.0001   0.1069   0.8857   0.1069  -252.181
 27  14    108.0     33.0   0.0990   1.0024   0.0987   0.9302   0.0987  -259.789
 27  15    111.5     29.5   0.0999   0.9620   0.1038   0.8404   0.1038  -248.962
 27  16    109.7     31.3   0.1542  74.5515   0.0021  50.0000   0.0021  -270.031
 27  17    108.3     32.7   0.1487   1.1962   0.1243   1.1747   0.1243  -272.296
 27  18    111.2     29.8   0.1074   0.5477   0.1961   0.6009   0.1961  -253.156
 27  19    109.0     32.0   0.0565   0.6138   0.0921   0.5495   0.0921  -239.896
 27  20    109.6     31.4   0.0569   0.5199   0.1094   0.4805   0.1094  -235.538
 27  21    109.6     31.4   0.0569   0.5199   0.1094   0.4805   0.1094  -235.538
 27  22    108.4     32.6   0.0870   1.1470   0.0759   0.9971   0.0759  -255.465
 27  23    108.2     32.8   0.0877   1.3900   0.0631   1.1724   0.0631  -255.156
 27  24    110.9     30.1   0.0757   0.8091   0.0936   0.6967   0.0936  -242.964
 27  25    107.7     33.3   0.0897   0.6790   0.1321   0.6867   0.1321  -254.403
 27  26    109.1     31.9   0.0374   0.5708   0.0655   0.4747   0.0655  -230.569
 28   1    107.4     33.6   0.3445  68.8618   0.0050  50.0000   0.0050  -292.581
 28   2    107.0     34.0   0.3809   3.9423   0.0966   3.7161   0.0966  -298.306
 28   3    109.6     31.4   0.3687   2.5016   0.1474   2.5300   0.1474  -287.422
 28   4    107.5     33.5   0.3962  12.1303   0.0327   9.5480   0.0327  -303.258
 28   5    106.9     34.1   0.3755   2.1880   0.1716   2.4432   0.1716  -299.274
 28   6    109.1     31.9   0.3869   2.6698   0.1449   2.7115   0.1449  -297.773
 28   7    109.1     31.9   0.3869   2.6698   0.1449   2.7115   0.1449  -297.773
 28   8    108.2     32.8   0.4427   2.5697   0.1723   2.8119   0.1723  -300.753
 28   9    108.7     32.3   0.2316   1.0752   0.2154   1.2745   0.2154  -288.212
 28  10    108.2     32.8   0.3161   1.0557   0.2994   1.4645   0.2994  -296.072
 28  11    109.0     32.0   0.1130   0.6484   0.1743   0.7037   0.1743  -251.574
 28  12    108.4     32.6   0.1214   1.1572   0.1049   1.0820   0.1049  -261.209
 28  13    111.1     29.9   0.1186   0.5595   0.2120   0.6364   0.2120  -250.744
 28  14    108.1     32.9   0.1130   0.8949   0.1263   0.8869   0.1263  -260.540
 28  15    111.1     29.9   0.1364   1.0414   0.1310   0.9854   0.1310  -261.103
 28  16    109.5     31.5   0.1635   0.9376   0.1744   1.0088   0.1744  -267.287
 28  17    108.5     32.5   0.1899   0.4837   0.3925   0.7730   0.3925  -269.627
 28  18    111.1     29.9   0.1071   0.4233   0.2529   0.5223   0.2529  -249.293
 28  19    109.0     32.0   0.1087   0.9123   0.1192   0.8733   0.1192  -261.030
 28  20    109.5     31.5   0.0862   0.5491   0.1570   0.5691   0.1570  -245.601
 28  21    109.5     31.5   0.0862   0.5491   0.1570   0.5691   0.1570  -245.601
 28  22    108.7     32.3   0.0770   1.3353   0.0576   1.0963   0.0576  -247.850
 28  23    108.4     32.6   0.0773   1.8563   0.0416   1.4675   0.0416  -247.319
 28  24    110.6     30.4   0.0462   0.9168   0.0504   0.7013   0.0504  -225.419
 28  25    107.6     33.4   0.0582   0.4210   0.1383   0.4324   0.1383  -233.262
 28  26    109.5     31.5   0.0872   0.6777   0.1286   0.6570   0.1286  -247.269
 28  27    110.0     31.0   0.0872   0.5930   0.1471   0.5950   0.1471  -246.079
 29   1    106.3     34.7   0.3977  31.2306   0.0127  23.9518   0.0127  -308.869
 29   2    106.3     34.7   0.4253   5.7709   0.0737   5.2211   0.0737  -313.334
 29   3    109.2     31.8   0.3979   2.4386   0.1631   2.5724   0.1631  -303.039
 29   4    106.9     34.1   0.4509   9.6158   0.0469   8.0004   0.0469  -317.739
 29   5    106.0     35.0   0.3939  24.1333   0.0163  18.8414   0.0163  -314.170
 29   6    108.2     32.8   0.4086  24.0816   0.0170  17.7306   0.0170  -313.441
 29   7    108.2     32.8   0.4086  24.0816   0.0170  17.7306   0.0170  -313.441
 29   8    107.4     33.6   0.4757  22.7608   0.0209  17.3746   0.0209  -317.458
 29   9    108.1     32.9   0.2211   1.4997   0.1474   1.5595   0.1474  -295.641
 29  10    107.7     33.3   0.2290   1.5496   0.1478   1.6219   0.1478  -288.280
 29  11    108.0     33.0   0.1283   0.8696   0.1476   0.9057   0.1476  -262.417
 29  12    107.8     33.2   0.1616   1.4624   0.1105   1.4026   0.1105  -280.323
 29  13    110.6     30.4   0.1419   0.8159   0.1740   0.8620   0.1740  -262.303
 29  14    107.4     33.6   0.1339   2.1050   0.0636   1.8122   0.0636  -273.371
 29  15    110.9     30.1   0.1308   1.3940   0.0938   1.2024   0.0938  -262.559
 29  16    108.8     32.2   0.1573  72.5513   0.0022  50.0000   0.0022  -272.041
 29  17    107.4     33.6   0.1480   1.0798   0.1370   1.1095   0.1370  -274.151
 29  18    110.6     30.4   0.1005   0.3337   0.3012   0.4525   0.3012  -245.367
 29  19    108.1     32.9   0.0852   0.8915   0.0956   0.8200   0.0956  -252.328
 29  20    108.7     32.3   0.0859   0.5445   0.1579   0.5730   0.1579  -247.052
 29  21    108.7     32.3   0.0859   0.5445   0.1579   0.5730   0.1579  -247.052
 29  22    107.5     33.5   0.0952   0.9124   0.1043   0.8679   0.1043  -256.936
 29  23    107.3     33.7   0.0952   1.1195   0.0850   1.0206   0.0850  -256.837
 29  24    110.0     31.0   0.1000   1.0341   0.0967   0.9158   0.0967  -256.082
 29  25    106.7     34.3   0.0718   0.3980   0.1804   0.4533   0.1804  -245.011
 29  26    108.3     32.7   0.0842   1.1855   0.0711   1.0187   0.0711  -253.800
 29  27    109.5     31.5   0.0586   0.6458   0.0908   0.5694   0.0908  -239.036
 29  28    109.1     31.9   0.0572   0.3425   0.1670   0.3651   0.1670  -231.080
 30   1    106.3     34.7   0.3977  31.2305   0.0127  23.9517   0.0127  -308.869
 30   2    106.3     34.7   0.4253   5.7709   0.0737   5.2211   0.0737  -313.334
 30   3    109.2     31.8   0.3979   2.4386   0.1631   2.5724   0.1631  -303.039
 30   4    106.9     34.1   0.4509   9.6158   0.0469   8.0004   0.0469  -317.739
 30   5    106.0     35.0   0.3939  24.1333   0.0163  18.8414   0.0163  -314.170
 30   6    108.2     32.8   0.4086  24.0816   0.0170  17.7306   0.0170  -313.441
 30   7    108.2     32.8   0.4086  24.0816   0.0170  17.7306   0.0170  -313.441
 30   8    107.4     33.6   0.4757  22.7608   0.0209  17.3746   0.0209  -317.458
 30   9    108.1     32.9   0.2211   1.4997   0.1474   1.5595   0.1474  -295.641
 30  10    107.7     33.3   0.2290   1.5496   0.1478   1.6219   0.1478  -288.280
 30  11    108.0     33.0   0.1283   0.8696   0.1476   0.9057   0.1476  -262.417
 30  12    107.8     33.2   0.1616   1.4624   0.1105   1.4026   0.1105  -280.323
 30  13    110.6     30.4   0.1419   0.8159   0.1740   0.8620   0.1740  -262.303
 30  14    107.4     33.6   0.1339   2.1050   0.0636   1.8122   0.0636  -273.371
 30  15    110.9     30.1   0.1308   1.3940   0.0938   1.2024   0.0938  -262.559
 30  16    108.8     32.2   0.1573  72.5513   0.0022  50.0000   0.0022  -272.041
 30  17    107.4     33.6   0.1480   1.0798   0.1370   1.1095   0.1370  -274.151
 30  18    110.6     30.4   0.1005   0.3337   0.3012   0.4525   0.3012  -245.367
 30  19    108.1     32.9   0.0852   0.8915   0.0956   0.8200   0.0956  -252.328
 30  20    108.7     32.3   0.0859   0.5445   0.1579   0.5730   0.1579  -247.052
 30  21    108.7     32.3   0.0859   0.5445   0.1579   0.5730   0.1579  -247.052
 30  22    107.5     33.5   0.0952   0.9124   0.1043   0.8679   0.1043  -256.936
 30  23    107.3     33.7   0.0952   1.1195   0.0850   1.0206   0.0850  -256.837
 30  24    110.0     31.0   0.1000   1.0341   0.0967   0.9158   0.0967  -256.082
 30  25    106.7     34.3   0.0718   0.3980   0.1804   0.4533   0.1804  -245.011
 30  26    108.3     32.7   0.0842   1.1855   0.0711   1.0187   0.0711  -253.800
 30  27    109.5     31.5   0.0586   0.6458   0.0908   0.5694   0.0908  -239.036
 30  28    109.1     31.9   0.0572   0.3425   0.1670   0.3651   0.1670  -231.080
 30  29    108.7     32.3   0.0000   0.0000   0.9019   0.0000   0.9019  -174.348
 31   1    109.2     31.8   0.4332   2.2529   0.1923   2.5328   0.1923  -308.401
 31   2    108.0     33.0   0.4363   3.6608   0.1192   3.5763   0.1192  -312.830
 31   3    110.1     30.9   0.4187   2.1733   0.1927   2.4083   0.1927  -303.202
 31   4    108.7     32.3   0.4226   3.8641   0.1094   3.6307   0.1094  -313.502
 31   5    108.3     32.7   0.3703   2.0123   0.1840   2.2536   0.1840  -306.847
 31   6    110.4     30.6   0.3783   3.0732   0.1231   2.8920   0.1231  -306.566
 31   7    110.4     30.6   0.3783   3.0732   0.1231   2.8920   0.1231  -306.566
 31   8    109.7     31.3   0.4371   2.4276   0.1800   2.6379   0.1800  -312.406
 31   9    109.3     31.7   0.2423   1.0370   0.2337   1.2637   0.2337  -295.296
 31  10    108.3     32.7   0.2177   0.9213   0.2362   1.1421   0.2362  -280.758
 31  11    110.0     31.0   0.1333   0.9640   0.1383   0.9475   0.1383  -258.673
 31  12    108.9     32.1   0.1187   1.1572   0.1026   1.0662   0.1026  -264.825
 31  13    111.4     29.6   0.1168   0.9270   0.1260   0.8614   0.1260  -254.260
 31  14    108.7     32.3   0.1085   0.9513   0.1140   0.9044   0.1140  -261.876
 31  15    111.0     30.0   0.1093   1.4777   0.0739   1.2007   0.0739  -255.135
 31  16    110.3     30.7   0.1947   1.0337   0.1884   1.1329   0.1884  -278.060
 31  17    109.6     31.4   0.1568   0.8773   0.1787   0.9521   0.1787  -271.038
 31  18    111.2     29.8   0.1181   0.3591   0.3288   0.5071   0.3288  -252.285
 31  19    109.7     31.3   0.0768   0.6249   0.1228   0.5957   0.1228  -247.945
 31  20    110.1     30.9   0.0761   0.2482   0.3065   0.3413   0.3065  -231.129
 31  21    110.1     30.9   0.0761   0.2482   0.3065   0.3413   0.3065  -231.129
 31  22    109.4     31.6   0.0862   1.0519   0.0820   0.9069   0.0820  -254.946
 31  23    109.1     31.9   0.0870   1.2937   0.0673   1.0798   0.0673  -255.052
 31  24    111.0     30.0   0.0967   0.9566   0.1010   0.8396   0.1010  -253.433
 31  25    108.6     32.4   0.0779   0.3787   0.2057   0.4413   0.2057  -243.105
 31  26    110.5     30.5   0.0760   0.5411   0.1404   0.5294   0.1404  -240.307
 31  27    110.2     30.8   0.0369   0.5344   0.0691   0.4369   0.0691  -225.706
 31  28    110.4     30.6   0.0764   0.3015   0.2532   0.3757   0.2532  -235.586
 31  29    109.4     31.6   0.0515   0.3194   0.1611   0.3344   0.1611  -228.807
 31  30    109.4     31.6   0.0515   0.3194   0.1611   0.3344   0.1611  -228.807
 32   1    107.7     33.3   0.3892  23.8911   0.0163  17.8044   0.0163  -306.922
 32   2    106.9     34.1   0.4233   7.1197   0.0595   6.1274   0.0595  -312.676
 32   3    109.3     31.7   0.4109   3.1082   0.1322   3.0535   0.1322  -303.630
 32   4    107.6     33.4   0.4022  17.1886   0.0234  13.1222   0.0234  -313.231
 32   5    107.1     33.9   0.3956   2.7145   0.1457   2.8603   0.1457  -311.097
 32   6    109.2     31.8   0.4077   3.0533   0.1335   3.0122   0.1335  -310.099
 32   7    109.2     31.8   0.4077   3.0533   0.1335   3.0122   0.1335  -310.099
 32   8    108.5     32.5   0.4275   2.2800   0.1875   2.5648   0.1875  -310.709
 32   9    108.5     32.5   0.2606   1.1705   0.2227   1.4109   0.2227  -300.918
 32  10    107.7     33.3   0.2656   1.0825   0.2453   1.3761   0.2453  -292.114
 32  11    108.9     32.1   0.1235   0.8809   0.1402   0.8878   0.1402  -258.179
 32  12    108.1     32.9   0.1096   1.3193   0.0831   1.1748   0.0831  -264.261
 32  13    110.7     30.3   0.1081   1.0172   0.1062   0.9101   0.1062  -254.429
 32  14    107.9     33.1   0.0995   1.3762   0.0723   1.1983   0.0723  -261.808
 32  15    110.5     30.5   0.1228   1.7360   0.0707   1.4140   0.0707  -261.558
 32  16    109.3     31.7   0.1724   1.1206   0.1538   1.1558   0.1538  -272.171
 32  17    108.5     32.5   0.1732   0.9118   0.1899   1.0310   0.1899  -276.744
 32  18    110.6     30.4   0.0869   0.3439   0.2527   0.4269   0.2527  -244.128
 32  19    108.7     32.3   0.0673   0.7719   0.0872   0.6855   0.0872  -247.517
 32  20    109.2     31.8   0.0467   0.3377   0.1383   0.3369   0.1383  -225.525
 32  21    109.2     31.8   0.0467   0.3377   0.1383   0.3369   0.1383  -225.525
 32  22    108.4     32.6   0.0769   0.6659   0.1155   0.6389   0.1155  -247.161
 32  23    108.1     32.9   0.0776   0.7571   0.1025   0.7087   0.1025  -247.557
 32  24    110.2     30.8   0.0664   0.7008   0.0948   0.6151   0.0948  -241.031
 32  25    107.5     33.5   0.0481   0.1770   0.2716   0.2362   0.2716  -220.573
 32  26    109.5     31.5   0.0669   0.5696   0.1175   0.5379   0.1175  -238.959
 32  27    109.5     31.5   0.0471   0.3912   0.1205   0.3717   0.1205  -228.131
 32  28    109.5     31.5   0.0470   0.3879   0.1212   0.3696   0.1212  -230.050
 32  29    108.7     32.3   0.0432   0.2077   0.2081   0.2427   0.2081  -221.281
 32  30    108.7     32.3   0.0432   0.2077   0.2081   0.2427   0.2081  -221.281
 32  31    110.0     31.0   0.0275   0.1528   0.1799   0.1650   0.1799  -208.602
 33   1    107.6     33.4   0.4403   2.2555   0.1952   2.6090   0.1952  -310.903
 33   2    106.7     34.3   0.4708   2.6668   0.1766   3.0158   0.1766  -315.038
 33   3    109.0     32.0   0.4484   2.5505   0.1758   2.7773   0.1758  -307.433
 33   4    107.4     33.6   0.4481   4.4140   0.1015   4.1774   0.1015  -317.151
 33   5    106.9     34.1   0.4334   1.9720   0.2198   2.4156   0.2198  -314.345
 33   6    109.1     31.9   0.4468   2.1572   0.2071   2.5000   0.2071  -313.391
 33   7    109.1     31.9   0.4468   2.1572   0.2071   2.5000   0.2071  -313.391
 33   8    108.4     32.6   0.4612   2.6091   0.1768   2.8737   0.1768  -315.658
 33   9    108.3     32.7   0.2458   1.2170   0.2020   1.4134   0.2020  -299.597
 33  10    107.3     33.7   0.2619   1.1851   0.2210   1.4474   0.2210  -292.594
 33  11    108.8     32.2   0.1445   1.2427   0.1163   1.1857   0.1163  -267.525
 33  12    107.9     33.1   0.1314   1.1749   0.1119   1.1288   0.1119  -270.834
 33  13    110.5     30.5   0.1295   0.9124   0.1419   0.8961   0.1419  -260.288
 33  14    107.7     33.3   0.1212   1.1899   0.1018   1.1202   0.1018  -268.126
 33  15    110.2     30.8   0.1220   1.5347   0.0795   1.2904   0.0795  -261.014
 33  16    109.2     31.8   0.1832   1.8623   0.0983   1.6846   0.0983  -277.679
 33  17    108.3     32.7   0.1716   1.1182   0.1535   1.1727   0.1535  -278.349
 33  18    110.4     30.6   0.1076   0.4116   0.2615   0.5209   0.2615  -252.233
 33  19    108.5     32.5   0.0670   0.9002   0.0744   0.7767   0.0744  -250.014
 33  20    109.0     32.0   0.0662   0.2891   0.2290   0.3505   0.2290  -231.454
 33  21    109.0     32.0   0.0662   0.2891   0.2290   0.3505   0.2290  -231.454
 33  22    108.4     32.6   0.0764   1.1723   0.0652   0.9901   0.0652  -253.440
 33  23    108.0     33.0   0.0729   1.1938   0.0611   1.0052   0.0611  -251.151
 33  24    110.0     31.0   0.0866   1.0977   0.0789   0.9261   0.0789  -252.848
 33  25    107.3     33.7   0.0682   0.4183   0.1631   0.4556   0.1631  -241.473
 33  26    109.4     31.6   0.0664   0.6667   0.0996   0.6023   0.0996  -241.943
 33  27    109.3     31.7   0.0469   0.5188   0.0904   0.4593   0.0904  -232.425
 33  28    109.3     31.7   0.0667   0.4603   0.1449   0.4655   0.1449  -239.239
 33  29    108.4     32.6   0.0415   0.3640   0.1140   0.3484   0.1140  -227.403
 33  30    108.4     32.6   0.0415   0.3640   0.1140   0.3484   0.1140  -227.403
 33  31    109.9     31.1   0.0273   0.1129   0.2418   0.1386   0.2418  -204.640
 33  32    109.0     32.0   0.0183   0.1888   0.0970   0.1711   0.0970  -206.836
 34   1    108.4     32.6   0.4014  26.7923   0.0150  19.5097   0.0150  -307.632
 34   2    107.7     33.3   0.4344   7.0465   0.0616   5.9923   0.0616  -313.446
 34   3    110.2     30.8   0.4100   3.3584   0.1221   3.1623   0.1221  -303.714
 34   4    108.4     32.6   0.4161  12.8930   0.0323   9.9117   0.0323  -313.827
 34   5    107.7     33.3   0.3982   3.3896   0.1175   3.3113   0.1175  -311.742
 34   6    109.9     31.1   0.4117   3.6745   0.1120   3.3953   0.1120  -310.273
 34   7    109.9     31.1   0.4117   3.6745   0.1120   3.3953   0.1120  -310.273
 34   8    109.1     31.9   0.4378   2.7862   0.1571   2.9069   0.1571  -312.269
 34   9    109.1     31.9   0.2430   1.4870   0.1634   1.5723   0.1634  -298.435
 34  10    108.5     32.5   0.2438   1.1948   0.2041   1.3894   0.2041  -289.001
 34  11    109.6     31.4   0.1370   0.5794   0.2365   0.7063   0.2365  -255.882
 34  12    108.8     32.2   0.1195   1.8577   0.0643   1.5486   0.0643  -268.309
 34  13    111.4     29.6   0.1212   1.3369   0.0906   1.1282   0.0906  -258.760
 34  14    108.5     32.5   0.1120   2.0061   0.0558   1.6447   0.0558  -266.515
 34  15    111.3     29.7   0.1118   2.1967   0.0509   1.6511   0.0509  -258.306
 34  16    110.1     30.9   0.1725   0.8824   0.1955   0.9842   0.1955  -269.771
 34  17    109.1     31.9   0.1595   0.9812   0.1626   1.0364   0.1626  -272.725
 34  18    111.3     29.7   0.0965   0.4882   0.1976   0.5365   0.1976  -249.437
 34  19    109.4     31.6   0.0574   0.8362   0.0686   0.6950   0.0686  -243.453
 34  20    109.9     31.1   0.0572   0.6184   0.0925   0.5423   0.0925  -235.944
 34  21    109.9     31.1   0.0572   0.6184   0.0925   0.5423   0.0925  -235.944
 34  22    109.1     31.9   0.0668   0.9179   0.0727   0.7787   0.0727  -246.423
 34  23    108.8     32.2   0.0672   1.1213   0.0599   0.9244   0.0599  -246.551
 34  24    111.0     30.0   0.0758   0.9466   0.0801   0.7832   0.0801  -245.903
 34  25    108.2     32.8   0.0577   0.3692   0.1563   0.3904   0.1563  -233.802
 34  26    110.0     31.0   0.0570   0.7757   0.0734   0.6446   0.0734  -236.657
 34  27    110.3     30.7   0.0369   0.6789   0.0544   0.5298   0.0544  -228.745
 34  28    110.3     30.7   0.0610   0.3873   0.1576   0.3963   0.1576  -234.260
 34  29    109.5     31.5   0.0279   0.3398   0.0822   0.2927   0.0822  -219.503
 34  30    109.5     31.5   0.0279   0.3398   0.0822   0.2927   0.0822  -219.503
 34  31    110.7     30.3   0.0180   0.2552   0.0704   0.2069   0.0704  -207.560
 34  32    109.9     31.1   0.0090   0.2398   0.0377   0.1798   0.0377  -201.571
 34  33    109.7     31.3   0.0090   0.4023   0.0223   0.2890   0.0223  -209.421
 35   1    110.8     30.2   0.4092   1.6682   0.2453   2.0377   0.2453  -292.921
 35   2    108.1     32.9   0.3418   3.1794   0.1075   3.0119   0.1075  -295.361
 35   3    108.7     32.3   0.3377   1.9588   0.1724   2.1287   0.1724  -286.813
 35   4    109.4     31.6   0.3965   1.7735   0.2236   2.1155   0.2236  -296.628
 35   5    109.7     31.3   0.3247   2.1035   0.1543   2.1585   0.1543  -291.232
 35   6    111.5     29.5   0.2848   1.6919   0.1683   1.7377   0.1683  -281.077
 35   7    111.5     29.5   0.2848   1.6919   0.1683   1.7377   0.1683  -281.077
 35   8    111.1     29.9   0.3908   2.1939   0.1781   2.3205   0.1781  -295.150
 35   9    110.3     30.7   0.5312   1.5363   0.3457   2.2502   0.3457  -319.240
 35  10    107.6     33.4   0.4605   1.3056   0.3528   1.9824   0.3528  -314.687
 35  11    110.9     30.1   0.3855   2.3511   0.1640   2.4136   0.1640  -303.388
 35  12    109.3     31.7   0.4166   2.0123   0.2070   2.3265   0.2070  -307.379
 35  13    111.2     29.8   0.3883   2.1964   0.1768   2.3111   0.1768  -305.959
 35  14    109.6     31.4   0.3761   1.7775   0.2116   2.0642   0.2116  -307.787
 35  15    109.9     31.1   0.3700   3.2023   0.1155   2.9845   0.1155  -306.724
 35  16    110.6     30.4   0.4244   2.3841   0.1780   2.5423   0.1780  -306.940
 35  17    111.0     30.0   0.4200  10.2276   0.0411   7.5168   0.0411  -312.430
 35  18    110.9     30.1   0.4668   1.4026   0.3328   2.0002   0.3328  -312.508
 35  19    110.4     30.6   0.4021   1.7648   0.2278   2.0930   0.2278  -311.755
 35  20    110.5     30.5   0.4083   0.8190   0.4985   1.4916   0.4985  -304.758
 35  21    110.5     30.5   0.4083   0.8190   0.4985   1.4916   0.4985  -304.758
 35  22    110.7     30.3   0.3736   7.7919   0.0480   5.9045   0.0480  -308.567
 35  23    110.0     31.0   0.3953  16.0960   0.0246  11.5384   0.0246  -309.191
 35  24    110.4     30.6   0.3508   2.6502   0.1324   2.5510   0.1324  -297.081
 35  25    109.2     31.8   0.4142   1.0539   0.3931   1.6758   0.3931  -306.411
 35  26    112.5     28.5   0.4167   1.9096   0.2182   2.1561   0.2182  -309.626
 35  27    109.8     31.2   0.3572   1.7297   0.2065   1.9823   0.2065  -306.130
 35  28    110.3     30.7   0.3685   1.4578   0.2528   1.8180   0.2528  -298.903
 35  29    108.9     32.1   0.4378   1.2646   0.3462   1.8787   0.3462  -314.833
 35  30    108.9     32.1   0.4378   1.2646   0.3462   1.8787   0.3462  -314.833
 35  31    111.6     29.4   0.3974   0.7064   0.5625   1.3853   0.5625  -301.708
 35  32    110.3     30.7   0.4006   1.0669   0.3755   1.6364   0.3755  -306.986
 35  33    110.4     30.6   0.4364   0.7598   0.5743   1.5199   0.5743  -308.954
 35  34    110.9     30.1   0.4216   1.2309   0.3425   1.7828   0.3425  -308.560
 36   1    111.2     29.8   0.4361   1.9702   0.2214   2.2802   0.2214  -288.700
 36   2    108.7     32.3   0.3524   2.0028   0.1759   2.1917   0.1759  -287.484
 36   3    109.4     31.6   0.3423   1.4047   0.2437   1.7405   0.2437  -277.595
 36   4    109.8     31.2   0.4125   6.2116   0.0664   5.0854   0.0664  -295.825
 36   5    110.0     31.0   0.3171   1.9141   0.1657   2.0031   0.1657  -284.068
 36   6    111.8     29.2   0.3080   2.1343   0.1443   2.0588   0.1443  -279.329
 36   7    111.8     29.2   0.3080   2.1343   0.1443   2.0588   0.1443  -279.329
 36   8    111.3     29.7   0.3834   2.3660   0.1621   2.4021   0.1621  -287.021
 36   9    110.5     30.5   0.4261   1.8673   0.2282   2.2137   0.2282  -307.558
 36  10    108.2     32.8   0.3795   1.4920   0.2544   1.9149   0.2544  -305.922
 36  11    111.4     29.6   0.3255   1.9346   0.1683   1.9903   0.1683  -292.306
 36  12    109.6     31.4   0.3062   2.0653   0.1483   2.0944   0.1483  -291.319
 36  13    111.5     29.5   0.2830   2.1362   0.1325   2.0119   0.1325  -289.944
 36  14    109.9     31.1   0.2720   1.4663   0.1855   1.6076   0.1855  -290.115
 36  15    110.3     30.7   0.2684   2.5228   0.1064   2.2769   0.1064  -290.175
 36  16    110.9     30.1   0.3246  76.8454   0.0042  50.0000   0.0042  -294.728
 36  17    111.4     29.6   0.3340   3.8804   0.0861   3.2357   0.0861  -300.331
 36  18    111.2     29.8   0.3794   1.4408   0.2633   1.8106   0.2633  -301.380
 36  19    110.9     30.1   0.3168   1.2245   0.2587   1.5313   0.2587  -299.367
 36  20    111.0     30.0   0.3181   0.9912   0.3209   1.3840   0.3209  -293.824
 36  21    111.0     30.0   0.3181   0.9912   0.3209   1.3840   0.3209  -293.824
 36  22    111.1     29.9   0.3271  16.7480   0.0195  11.4322   0.0195  -301.362
 36  23    110.4     30.6   0.3470  75.6153   0.0046  50.0000   0.0046  -301.709
 36  24    110.9     30.1   0.2770   2.4730   0.1120   2.2378   0.1120  -282.274
 36  25    109.7     31.3   0.3251   1.2172   0.2671   1.5698   0.2671  -294.938
 36  26    112.7     28.3   0.3393   1.6498   0.2057   1.8075   0.2057  -298.075
 36  27    110.3     30.7   0.2803   1.1999   0.2336   1.4413   0.2336  -292.352
 36  28    110.7     30.3   0.2918   1.2689   0.2299   1.5050   0.2299  -284.763
 36  29    109.4     31.6   0.3451   1.3219   0.2611   1.6922   0.2611  -303.888
 36  30    109.4     31.6   0.3451   1.3219   0.2611   1.6922   0.2611  -303.888
 36  31    112.1     28.9   0.2928   1.0185   0.2875   1.3244   0.2875  -290.708
 36  32    110.8     30.2   0.3145   1.1017   0.2855   1.4487   0.2855  -295.164
 36  33    110.9     30.1   0.3466   1.0615   0.3265   1.4971   0.3265  -300.577
 36  34    111.4     29.6   0.3340   1.2792   0.2611   1.5970   0.2611  -297.686
 36  35    114.1     26.9   0.0644   0.5217   0.1235   0.4555   0.1235  -218.965
 37   1    112.4     28.6   0.3558  80.8824   0.0044  50.0000   0.0044  -293.225
 37   2    110.3     30.7   0.3282  75.4772   0.0043  50.0000   0.0043  -295.316
 37   3    111.5     29.5   0.3228  29.5846   0.0109  19.3292   0.0109  -287.428
 37   4    111.2     29.8   0.3667  77.5644   0.0047  50.0000   0.0047  -301.728
 37   5    111.3     29.7   0.3015  77.9179   0.0039  50.0000   0.0039  -293.650
 37   6    113.0     28.0   0.3368   2.6208   0.1285   2.3702   0.1285  -291.277
 37   7    113.0     28.0   0.3368   2.6208   0.1285   2.3702   0.1285  -291.277
 37   8    112.5     28.5   0.3533  81.1032   0.0044  50.0000   0.0044  -295.252
 37   9    111.6     29.4   0.3480   2.9860   0.1165   2.6924   0.1165  -308.435
 37  10    110.0     31.0   0.4382   2.7648   0.1585   2.8489   0.1585  -317.329
 37  11    112.6     28.4   0.2725   2.1965   0.1241   1.9792   0.1241  -290.480
 37  12    110.9     30.1   0.3007   1.9104   0.1574   1.9316   0.1574  -295.355
 37  13    112.9     28.1   0.2748   1.7332   0.1586   1.6953   0.1586  -291.032
 37  14    111.1     29.9   0.2650   1.9125   0.1386   1.8445   0.1386  -294.827
 37  15    112.1     28.9   0.2831   2.2149   0.1278   2.0393   0.1278  -294.610
 37  16    112.2     28.8   0.2841   1.6297   0.1743   1.6754   0.1743  -288.654
 37  17    112.5     28.5   0.3190   2.2008   0.1450   2.0984   0.1450  -300.899
 37  18    112.7     28.3   0.2933   1.2684   0.2313   1.4677   0.2313  -291.314
 37  19    112.2     28.8   0.2666  80.4701   0.0033  50.0000   0.0033  -298.002
 37  20    112.4     28.6   0.2786   1.4624   0.1905   1.5569   0.1905  -292.947
 37  21    112.4     28.6   0.2786   1.4624   0.1905   1.5569   0.1905  -292.947
 37  22    112.2     28.8   0.2308   1.2975   0.1779   1.3469   0.1779  -284.351
 37  23    111.6     29.4   0.2608   1.5033   0.1735   1.5591   0.1735  -289.402
 37  24    112.5     28.5   0.2073   1.7655   0.1174   1.5662   0.1174  -272.655
 37  25    111.1     29.9   0.2761   1.3826   0.1997   1.5330   0.1997  -290.106
 37  26    113.6     27.4   0.2069   1.7694   0.1169   1.5326   0.1169  -280.935
 37  27    111.9     29.1   0.2631   2.5900   0.1016   2.2317   0.1016  -295.772
 37  28    112.3     28.7   0.2292   1.7702   0.1295   1.6301   0.1295  -278.716
 37  29    111.1     29.9   0.2997   2.1906   0.1368   2.1038   0.1368  -300.654
 37  30    111.1     29.9   0.2997   2.1906   0.1368   2.1038   0.1368  -300.654
 37  31    113.3     27.7   0.3106   1.2850   0.2417   1.5065   0.2417  -297.763
 37  32    112.2     28.8   0.2814   1.5045   0.1870   1.5934   0.1870  -294.035
 37  33    112.2     28.8   0.2967   1.1275   0.2632   1.3985   0.2632  -295.566
 37  34    112.8     28.2   0.2837   2.2148   0.1281   2.0109   0.1281  -295.303
 37  35    114.9     26.1   0.2036   1.2206   0.1668   1.1747   0.1668  -271.851
 37  36    115.2     25.8   0.1410   2.9660   0.0475   1.9734   0.0475  -259.365
 38   1    107.3     33.7   0.4280   1.4538   0.2944   2.0186   0.2944  -307.172
 38   2    106.5     34.5   0.3418  67.1101   0.0051  50.0000   0.0051  -301.641
 38   3    109.2     31.8   0.3347  72.7801   0.0046  50.0000   0.0046  -296.778
 38   4    107.2     33.8   0.4351   2.5588   0.1700   2.8316   0.1700  -313.457
 38   5    106.7     34.3   0.3642   2.4755   0.1471   2.6340   0.1471  -307.752
 38   6    108.7     32.3   0.3107   2.4433   0.1272   2.3964   0.1272  -297.623
 38   7    108.7     32.3   0.3107   2.4433   0.1272   2.3964   0.1272  -297.623
 38   8    108.0     33.0   0.4347   2.4676   0.1762   2.7308   0.1762  -311.990
 38   9    107.5     33.5   0.3786   1.9184   0.1974   2.2319   0.1974  -319.162
 38  10    106.9     34.1   0.3943   0.9906   0.3980   1.6149   0.3980  -312.830
 38  11    108.4     32.6   0.2605  71.3150   0.0037  50.0000   0.0037  -299.543
 38  12    107.5     33.5   0.2773  69.2773   0.0040  50.0000   0.0040  -301.415
 38  13    110.1     30.9   0.2555  75.2335   0.0034  50.0000   0.0034  -297.078
 38  14    107.3     33.7   0.2630   1.1020   0.2387   1.3908   0.2387  -298.877
 38  15    110.1     30.9   0.2707  75.0482   0.0036  50.0000   0.0036  -299.350
 38  16    108.9     32.1   0.2764  72.2435   0.0038  50.0000   0.0038  -298.477
 38  17    108.0     33.0   0.3091  70.1086   0.0044  50.0000   0.0044  -310.612
 38  18    109.9     31.1   0.3018   1.1541   0.2615   1.4697   0.2615  -302.835
 38  19    108.2     32.8   0.2367  70.8196   0.0033  50.0000   0.0033  -298.410
 38  20    108.7     32.3   0.2158   0.8070   0.2674   1.0539   0.2674  -283.686
 38  21    108.7     32.3   0.2158   0.8070   0.2674   1.0539   0.2674  -283.686
 38  22    107.8     33.2   0.2546   1.2859   0.1980   1.4933   0.1980  -297.167
 38  23    107.5     33.5   0.2531  69.3390   0.0037  50.0000   0.0037  -295.367
 38  24    109.9     31.1   0.2088   1.1663   0.1790   1.2601   0.1790  -280.533
 38  25    107.1     33.9   0.2143  68.6282   0.0031  50.0000   0.0031  -290.669
 38  26    108.6     32.4   0.2706  71.5408   0.0038  50.0000   0.0038  -301.862
 38  27    108.9     32.1   0.2283   1.3754   0.1660   1.4674   0.1660  -293.757
 38  28    109.2     31.8   0.2056  73.1295   0.0028  50.0000   0.0028  -283.492
 38  29    108.2     32.8   0.2404   1.7353   0.1385   1.7634   0.1385  -299.244
 38  30    108.2     32.8   0.2404   1.7353   0.1385   1.7634   0.1385  -299.244
 38  31    109.4     31.6   0.2494   1.0181   0.2450   1.2656   0.2450  -292.857
 38  32    108.6     32.4   0.2379   1.0225   0.2327   1.2540   0.2327  -293.010
 38  33    108.5     32.5   0.2743   0.7444   0.3685   1.1482   0.3685  -295.508
 38  34    109.3     31.7   0.2424   1.1177   0.2169   1.3179   0.2169  -293.702
 38  35    109.8     31.2   0.2119   1.3733   0.1543   1.4075   0.1543  -283.563
 38  36    110.3     30.7   0.1915   1.4070   0.1361   1.3679   0.1361  -276.942
 38  37    111.6     29.4   0.2041   1.8730   0.1090   1.6566   0.1090  -284.791
 39   1    112.7     28.3   0.3413   2.0736   0.1646   2.0666   0.1646  -293.145
 39   2    110.1     30.9   0.3069   2.3580   0.1302   2.2697   0.1302  -294.792
 39   3    110.5     30.5   0.2945  75.8586   0.0039  50.0000   0.0039  -290.956
 39   4    111.4     29.6   0.3634   1.4804   0.2455   1.7947   0.2455  -298.987
 39   5    111.7     29.3   0.2526   1.3874   0.1820   1.4647   0.1820  -281.775
 39   6    113.0     28.0   0.3014   1.8013   0.1673   1.7962   0.1673  -290.644
 39   7    113.0     28.0   0.3014   1.8013   0.1673   1.7962   0.1673  -290.644
 39   8    112.8     28.2   0.3232   1.6597   0.1947   1.7718   0.1947  -291.241
 39   9    111.8     29.2   0.3817   2.7198   0.1403   2.5960   0.1403  -314.151
 39  10    109.5     31.5   0.4453  72.9783   0.0061  50.0000   0.0061  -321.647
 39  11    112.4     28.6   0.2708  81.1232   0.0033  50.0000   0.0033  -294.465
 39  12    110.8     30.2   0.2833   2.7855   0.1017   2.4589   0.1017  -294.767
 39  13    112.3     28.7   0.2826   2.4682   0.1145   2.1805   0.1145  -295.920
 39  14    111.2     29.8   0.2735   2.3916   0.1144   2.1657   0.1144  -298.057
 39  15    111.2     29.8   0.2885   5.2402   0.0551   4.0013   0.0551  -300.085
 39  16    111.9     29.1   0.2570  79.8157   0.0032  50.0000   0.0032  -292.868
 39  17    112.6     28.4   0.3229   3.5889   0.0900   2.9399   0.0900  -305.793
 39  18    112.0     29.0   0.3080   2.4551   0.1254   2.2473   0.1254  -302.727
 39  19    112.0     29.0   0.2650  27.8954   0.0095  17.8461   0.0095  -296.384
 39  20    112.1     28.9   0.2858   3.0834   0.0927   2.5799   0.0927  -296.734
 39  21    112.1     28.9   0.2858   3.0834   0.0927   2.5799   0.0927  -296.734
 39  22    112.1     28.9   0.2651  80.1601   0.0033  50.0000   0.0033  -296.941
 39  23    111.4     29.6   0.2989  78.2880   0.0038  50.0000   0.0038  -300.431
 39  24    111.6     29.4   0.2428   2.7802   0.0873   2.3143   0.0873  -284.988
 39  25    110.9     30.1   0.2617   2.1126   0.1239   1.9686   0.1239  -292.726
 39  26    113.8     27.2   0.2387  85.3906   0.0028  50.0000   0.0028  -291.624
 39  27    111.3     29.7   0.2412  64.8548   0.0037  41.6026   0.0037  -294.479
 39  28    111.7     29.3   0.2399   3.3784   0.0710   2.6729   0.0710  -285.531
 39  29    110.7     30.3   0.2533  76.5297   0.0033  50.0000   0.0033  -299.505
 39  30    110.7     30.3   0.2499  76.5420   0.0033  50.0000   0.0033  -299.506
 39  31    112.8     28.2   0.2856   1.8305   0.1560   1.7826   0.1560  -298.407
 39  32    111.8     29.2   0.2586   2.4436   0.1058   2.1312   0.1058  -294.767
 39  33    111.8     29.2   0.2725   1.9496   0.1398   1.8587   0.1398  -297.457
 39  34    112.3     28.7   0.2537   2.2716   0.1117   1.9934   0.1117  -293.859
 39  35    115.0     26.0   0.3234   2.5412   0.1273   2.1970   0.1273  -294.006
 39  36    115.2     25.8   0.2719  89.7233   0.0030  50.0000   0.0030  -283.783
 39  37    115.9     25.1   0.1856   2.1917   0.0847   1.6283   0.0847  -272.199
 39  38    111.0     30.0   0.2347   2.1909   0.1071   1.9530   0.1071  -289.460
 40   1    111.3     29.7   0.4033   2.0160   0.2000   2.2298   0.2000  -301.355
 40   2    108.7     32.3   0.3311   7.4104   0.0447   5.8613   0.0447  -299.583
 40   3    109.2     31.8   0.3401   2.5564   0.1330   2.5213   0.1330  -295.776
 40   4    110.0     31.0   0.3853   1.9999   0.1927   2.2194   0.1927  -304.312
 40   5    110.3     30.7   0.3209   1.7421   0.1842   1.8900   0.1842  -296.226
 40   6    111.7     29.3   0.2999   2.6362   0.1137   2.3553   0.1137  -293.361
 40   7    111.7     29.3   0.2999   2.6362   0.1137   2.3553   0.1137  -293.361
 40   8    111.4     29.6   0.3307   1.4571   0.2270   1.7008   0.2270  -293.807
 40   9    110.5     30.5   0.4077   1.0711   0.3806   1.6539   0.3806  -314.676
 40  10    108.1     32.9   0.4155  21.4068   0.0194  15.9552   0.0194  -320.397
 40  11    111.0     30.0   0.3152   1.9471   0.1619   1.9886   0.1619  -301.800
 40  12    109.4     31.6   0.2551   1.3798   0.1849   1.5209   0.1849  -290.018
 40  13    111.1     29.9   0.3106   1.8112   0.1715   1.8872   0.1715  -300.807
 40  14    109.8     31.2   0.3029   2.5564   0.1185   2.4059   0.1185  -304.037
 40  15    110.0     31.0   0.3071  18.6610   0.0165  13.0194   0.0165  -304.679
 40  16    110.5     30.5   0.3409   1.7561   0.1941   1.9397   0.1941  -304.171
 40  17    111.2     29.8   0.3821   1.3822   0.2764   1.7805   0.2764  -311.608
 40  18    110.7     30.3   0.3611   1.5256   0.2367   1.8338   0.2367  -308.839
 40  19    110.6     30.4   0.2656   1.3368   0.1987   1.4899   0.1987  -296.296
 40  20    110.7     30.3   0.2609   1.3980   0.1866   1.5161   0.1866  -294.508
 40  21    110.7     30.3   0.2609   1.3980   0.1866   1.5161   0.1866  -294.508
 40  22    110.5     30.5   0.2788  76.1405   0.0037  50.0000   0.0037  -301.780
 40  23    109.9     31.1   0.2827  74.5384   0.0038  50.0000   0.0038  -301.179
 40  24    110.3     30.7   0.2257  75.7169   0.0030  50.0000   0.0030  -284.604
 40  25    109.5     31.5   0.2582   1.6101   0.1604   1.6817   0.1604  -292.960
 40  26    112.3     28.7   0.2273  81.0434   0.0028  50.0000   0.0028  -292.165
 40  27    109.9     31.1   0.2091   1.7498   0.1195   1.6458   0.1195  -290.174
 40  28    110.4     30.6   0.2448   2.0344   0.1203   1.8993   0.1203  -288.194
 40  29    109.3     31.7   0.2761   1.6030   0.1722   1.7227   0.1722  -301.169
 40  30    109.3     31.7   0.2761   1.6030   0.1722   1.7227   0.1722  -301.169
 40  31    111.4     29.6   0.2386   1.0750   0.2220   1.2418   0.2220  -290.153
 40  32    110.4     30.6   0.2415   1.1850   0.2038   1.3379   0.2038  -291.338
 40  33    110.4     30.6   0.2536   1.1424   0.2220   1.3397   0.2220  -295.266
 40  34    110.9     30.1   0.2371   1.5111   0.1569   1.5265   0.1569  -291.823
 40  35    113.5     27.5   0.2500   2.1411   0.1167   1.8547   0.1167  -289.738
 40  36    113.7     27.3   0.1961  85.3342   0.0023  50.0000   0.0023  -277.275
 40  37    114.5     26.5   0.1792   1.3391   0.1338   1.1904   0.1338  -273.617
 40  38    109.6     31.4   0.1557  74.2259   0.0021  50.0000   0.0021  -279.561
 40  39    114.8     26.2   0.1329   1.8123   0.0733   1.3332   0.0733  -260.857
 41   1    111.5     29.5   0.2975   2.0125   0.1478   1.9692   0.1478  -284.647
 41   2    109.5     31.5   0.2320   3.9528   0.0587   3.1925   0.0587  -280.183
 41   3    110.7     30.3   0.2342   2.9456   0.0795   2.4487   0.0795  -274.586
 41   4    110.4     30.6   0.3072   3.7067   0.0829   3.1356   0.0829  -292.912
 41   5    110.3     30.7   0.2460   2.1419   0.1149   1.9747   0.1149  -283.734
 41   6    112.0     29.0   0.2352   1.3107   0.1794   1.3682   0.1794  -275.375
 41   7    112.0     29.0   0.2352   1.3107   0.1794   1.3682   0.1794  -275.375
 41   8    111.5     29.5   0.2538   2.0763   0.1222   1.9050   0.1222  -279.235
 41   9    110.8     30.2   0.3135   2.1340   0.1469   2.1119   0.1469  -303.674
 41  10    109.3     31.7   0.3816   1.6323   0.2338   1.9895   0.2338  -309.691
 41  11    111.7     29.3   0.2656   1.5254   0.1741   1.5827   0.1741  -286.627
 41  12    110.0     31.0   0.2768   1.9505   0.1419   1.9336   0.1419  -289.502
 41  13    112.0     29.0   0.2731   1.3466   0.2028   1.4812   0.2028  -286.173
 41  14    110.1     30.9   0.2625   1.3578   0.1933   1.5078   0.1933  -289.347
 41  15    111.2     29.8   0.2446   1.5812   0.1547   1.5801   0.1547  -285.865
 41  16    111.3     29.7   0.2319   1.6288   0.1424   1.5792   0.1424  -279.187
 41  17    111.5     29.5   0.2906   3.1289   0.0929   2.6516   0.0929  -297.575
 41  18    111.8     29.2   0.2817   1.6144   0.1745   1.6732   0.1745  -292.024
 41  19    111.3     29.7   0.2463  32.2316   0.0076  20.9264   0.0076  -293.811
 41  20    111.5     29.5   0.2723   1.3524   0.2014   1.4944   0.2014  -288.648
 41  21    111.5     29.5   0.2723   1.3524   0.2014   1.4944   0.2014  -288.648
 41  22    111.2     29.8   0.2762   1.5453   0.1787   1.6342   0.1787  -292.430
 41  23    110.6     30.4   0.2775   2.3299   0.1191   2.1592   0.1191  -292.209
 41  24    111.6     29.4   0.2178   1.7080   0.1275   1.5850   0.1275  -272.545
 41  25    110.1     30.9   0.2347   0.8226   0.2853   1.0901   0.2853  -279.688
 41  26    112.5     28.5   0.2309   1.8346   0.1259   1.6649   0.1259  -284.910
 41  27    111.1     29.9   0.2273   1.5726   0.1445   1.5386   0.1445  -287.667
 41  28    111.3     29.7   0.2258   1.0080   0.2240   1.1710   0.2240  -273.306
 41  29    110.3     30.7   0.2380   0.9973   0.2387   1.2104   0.2387  -289.916
 41  30    110.3     30.7   0.2380   0.9973   0.2387   1.2104   0.2387  -289.916
 41  31    112.4     28.6   0.2733   0.8918   0.3064   1.1961   0.3064  -288.354
 41  32    111.3     29.7   0.2471   0.9322   0.2651   1.1735   0.2651  -283.688
 41  33    111.4     29.6   0.2617   0.7599   0.3443   1.0988   0.3443  -285.944
 41  34    111.9     29.1   0.2393   0.9033   0.2650   1.1285   0.2650  -282.311
 41  35    113.9     27.1   0.2649   0.7882   0.3361   1.0960   0.3361  -275.499
 41  36    114.1     26.9   0.1940   1.1940   0.1625   1.1540   0.1625  -261.994
 41  37    115.0     26.0   0.1617   0.9674   0.1671   0.9302   0.1671  -256.589
 41  38    110.7     30.3   0.1584   1.3892   0.1141   1.2684   0.1141  -268.229
 41  39    114.9     26.1   0.0982   1.2071   0.0814   0.9105   0.0814  -244.677
 41  40    113.5     27.5   0.0814   1.8599   0.0438   1.2831   0.0438  -248.140

