Supplemental results for CODEML (seqf: cox1.pal2nal  treef: )


pairwise comparison (Goldman & Yang 1994)
seq seq        N       S       dN       dS     dN/dS   Paras.
  2   1   1122.3    374.7   0.0036   0.4747   0.0075   0.3644   0.0075 -2370.158
  3   1   1118.1    378.9   0.0116   2.2737   0.0051   1.7528   0.0051 -2575.666
  3   2   1129.1    367.9   0.0133   2.0132   0.0066   1.5144   0.0066 -2557.643
  4   1   1126.4    370.6   0.0116   2.2867   0.0051   1.7242   0.0051 -2558.285
  4   2   1135.9    361.1   0.0132   1.9142   0.0069   1.4153   0.0069 -2534.536
  4   3   1139.1    357.9   0.0004   0.4036   0.0010   0.2903   0.0010 -2285.569
  5   1   1116.8    380.2   0.0107   2.5557   0.0042   1.9712   0.0042 -2574.915
  5   2   1128.9    368.1   0.0124   1.9399   0.0064   1.4593   0.0064 -2551.603
  5   3   1137.1    359.9   0.0009   0.6292   0.0014   0.4558   0.0014 -2375.283
  5   4   1139.4    357.6   0.0009   0.6121   0.0014   0.4406   0.0014 -2352.554
  6   1   1118.3    378.7   0.0107   2.4455   0.0044   1.8800   0.0044 -2570.392
  6   2   1130.4    366.6   0.0124   1.8368   0.0067   1.3776   0.0067 -2545.065
  6   3   1138.4    358.6   0.0009   0.6255   0.0014   0.4515   0.0014 -2368.863
  6   4   1141.1    355.9   0.0009   0.6161   0.0014   0.4415   0.0014 -2347.687
  6   5   1140.9    356.1   0.0000   0.0183   0.0010   0.0131   0.0010 -1976.572
  7   1   1124.2    372.8   0.0107   2.6741   0.0040   2.0219   0.0040 -2562.370
  7   2   1134.6    362.4   0.0123   2.4783   0.0050   1.8281   0.0050 -2545.154
  7   3   1139.4    357.6   0.0044   0.8979   0.0049   0.6533   0.0049 -2420.151
  7   4   1144.4    352.6   0.0043   1.0841   0.0040   0.7760   0.0040 -2425.199
  7   5   1140.4    356.6   0.0035   1.0756   0.0032   0.7767   0.0032 -2440.131
  7   6   1141.9    355.1   0.0035   1.0916   0.0032   0.7848   0.0032 -2435.139
  8   1   1124.7    372.3   0.0125   2.5316   0.0049   1.9167   0.0049 -2567.686
  8   2   1132.6    364.4   0.0124   2.1417   0.0058   1.5923   0.0058 -2540.949
  8   3   1133.2    363.8   0.0062   1.2366   0.0050   0.9154   0.0050 -2469.547
  8   4   1140.5    356.5   0.0061   1.1489   0.0053   0.8348   0.0053 -2447.976
  8   5   1132.7    364.3   0.0053   1.2174   0.0043   0.9008   0.0043 -2466.726
  8   6   1134.4    362.6   0.0053   1.2787   0.0041   0.9412   0.0041 -2463.758
  8   7   1139.1    357.9   0.0035   1.0932   0.0032   0.7920   0.0032 -2434.301
  9   1   1125.3    371.7   0.0566   5.6258   0.0101   4.3182   0.0101 -2797.048
  9   2   1129.1    367.9   0.0583   7.0548   0.0083   5.3328   0.0083 -2788.256
  9   3   1124.6    372.4   0.0509   5.6378   0.0090   4.3220   0.0090 -2756.032
  9   4   1133.8    363.2   0.0503   9.6843   0.0052   7.1639   0.0052 -2737.173
  9   5   1122.9    374.1   0.0519   5.5046   0.0094   4.2435   0.0094 -2764.200
  9   6   1124.6    372.4   0.0519   5.3583   0.0097   4.1161   0.0097 -2759.566
  9   7   1131.3    365.7   0.0505   6.8778   0.0073   5.1556   0.0073 -2743.780
  9   8   1132.1    364.9   0.0503  10.0238   0.0050   7.4441   0.0050 -2740.121
 10   1   1116.5    380.5   0.0597  14.0406   0.0043  10.8398   0.0043 -2807.692
 10   2   1130.6    366.4   0.0610  11.9098   0.0051   8.8825   0.0051 -2783.926
 10   3   1141.7    355.3   0.0517  25.5792   0.0020  18.3290   0.0020 -2729.855
 10   4   1143.1    353.9   0.0517  51.6688   0.0010  36.7600   0.0010 -2717.724
 10   5   1144.9    352.1   0.0526   6.7842   0.0078   4.9081   0.0078 -2732.948
 10   6   1146.1    350.9   0.0526   7.2286   0.0073   5.2043   0.0073 -2728.292
 10   7   1144.7    352.3   0.0536   4.8609   0.0110   3.5550   0.0110 -2726.311
 10   8   1135.3    361.7   0.0539  53.9236   0.0010  39.2098   0.0010 -2736.453
 10   9   1122.7    374.3   0.0180   2.3162   0.0078   1.7779   0.0078 -2589.443
 11   1   1120.7    376.3   0.0567  23.2488   0.0024  17.6612   0.0024 -2795.658
 11   2   1133.2    363.8   0.0582  10.0207   0.0058   7.4373   0.0058 -2773.012
 11   3   1141.9    355.1   0.0491   5.7226   0.0086   4.1844   0.0086 -2719.849
 11   4   1144.6    352.4   0.0489  48.9270   0.0010  34.6673   0.0010 -2705.643
 11   5   1144.3    352.7   0.0498  49.7993   0.0010  35.3136   0.0010 -2724.042
 11   6   1145.6    351.4   0.0498  49.7572   0.0010  35.1555   0.0010 -2719.161
 11   7   1145.5    351.5   0.0508  50.7863   0.0010  35.8957   0.0010 -2717.667
 11   8   1137.8    359.2   0.0511  51.0433   0.0010  36.8643   0.0010 -2725.076
 11   9   1127.1    369.9   0.0179   3.1313   0.0057   2.3613   0.0057 -2591.093
 11  10   1150.0    347.0   0.0139   1.8682   0.0075   1.3314   0.0075 -2512.751
 12   1   1118.9    378.1   0.0568  11.0897   0.0051   8.5298   0.0051 -2794.586
 12   2   1131.4    365.6   0.0584   5.7049   0.0102   4.3117   0.0102 -2771.406
 12   3   1140.0    357.0   0.0489  48.9273   0.0010  35.1113   0.0010 -2719.085
 12   4   1142.7    354.3   0.0488  48.8370   0.0010  34.7831   0.0010 -2704.920
 12   5   1142.4    354.6   0.0499   7.6367   0.0065   5.5410   0.0065 -2723.356
 12   6   1143.7    353.3   0.0499   7.6546   0.0065   5.5340   0.0065 -2718.474
 12   7   1143.6    353.4   0.0508  33.2110   0.0015  23.6374   0.0015 -2717.022
 12   8   1135.9    361.1   0.0511  51.1035   0.0010  37.0950   0.0010 -2724.246
 12   9   1125.4    371.6   0.0170   3.5711   0.0048   2.6977   0.0048 -2586.289
 12  10   1148.0    349.0   0.0113   1.7673   0.0064   1.2622   0.0064 -2494.958
 12  11   1147.3    349.7   0.0026   0.7958   0.0033   0.5636   0.0033 -2382.267
 13   1   1112.3    384.7   0.0588  58.7937   0.0010  45.4555   0.0010 -2816.152
 13   2   1121.7    375.3   0.0609   4.7040   0.0129   3.6747   0.0129 -2799.440
 13   3   1126.0    371.0   0.0514  51.4236   0.0010  38.3492   0.0010 -2753.238
 13   4   1130.5    366.5   0.0515   4.4533   0.0116   3.3878   0.0116 -2738.517
 13   5   1127.3    369.7   0.0522  52.2001   0.0010  38.7877   0.0010 -2758.595
 13   6   1128.6    368.4   0.0522  52.2495   0.0010  38.6879   0.0010 -2754.259
 13   7   1130.4    366.6   0.0535   4.5760   0.0117   3.4834   0.0117 -2751.371
 13   8   1125.2    371.8   0.0555  55.4982   0.0010  41.4707   0.0010 -2761.978
 13   9   1118.6    378.4   0.0217   3.0247   0.0072   2.3422   0.0072 -2624.847
 13  10   1130.8    366.2   0.0160   1.7577   0.0091   1.3261   0.0091 -2553.071
 13  11   1131.8    365.2   0.0088   0.9195   0.0096   0.6930   0.0096 -2478.392
 13  12   1129.9    367.1   0.0079   0.9475   0.0084   0.7150   0.0084 -2474.841
 14   1   1113.3    383.7   0.0588  45.6021   0.0013  35.1984   0.0013 -2811.963
 14   2   1125.5    371.5   0.0603  60.2836   0.0010  45.0217   0.0010 -2792.092
 14   3   1133.9    363.1   0.0510  50.9925   0.0010  37.2247   0.0010 -2739.789
 14   4   1136.4    360.6   0.0512   5.0265   0.0102   3.7490   0.0102 -2726.961
 14   5   1136.4    360.6   0.0519  51.9206   0.0010  37.6436   0.0010 -2743.945
 14   6   1137.6    359.4   0.0519  51.8787   0.0010  37.4866   0.0010 -2739.489
 14   7   1137.3    359.7   0.0529  52.8728   0.0010  38.2319   0.0010 -2738.856
 14   8   1129.6    367.4   0.0534  53.3808   0.0010  39.4249   0.0010 -2745.408
 14   9   1119.5    377.5   0.0189   4.8404   0.0039   3.7045   0.0039 -2609.515
 14  10   1141.7    355.3   0.0132   1.5752   0.0083   1.1515   0.0083 -2521.180
 14  11   1141.1    355.9   0.0061   1.0119   0.0060   0.7355   0.0060 -2454.672
 14  12   1139.2    357.8   0.0035   1.0091   0.0034   0.7315   0.0034 -2432.296
 14  13   1123.8    373.2   0.0062   0.6909   0.0090   0.5306   0.0090 -2431.957
 15   1   1114.4    382.6   0.0601   5.0000   0.0120   3.9678   0.0120 -2809.784
 15   2   1125.0    372.0   0.0616   4.8404   0.0127   3.7473   0.0127 -2791.331
 15   3   1130.7    366.3   0.0522  52.2473   0.0010  38.4733   0.0010 -2742.875
 15   4   1134.9    362.1   0.0521  52.1112   0.0010  37.9291   0.0010 -2727.886
 15   5   1132.1    364.9   0.0531  53.1143   0.0010  38.9602   0.0010 -2748.351
 15   6   1133.5    363.5   0.0531  53.0631   0.0010  38.7739   0.0010 -2743.596
 15   7   1135.0    362.0   0.0541  54.0515   0.0010  39.3326   0.0010 -2740.685
 15   8   1129.2    367.8   0.0544  54.3893   0.0010  40.2090   0.0010 -2744.821
 15   9   1121.0    376.0   0.0198   2.3878   0.0083   1.8436   0.0083 -2601.144
 15  10   1136.5    360.5   0.0123   1.8669   0.0066   1.3769   0.0066 -2521.288
 15  11   1137.0    360.0   0.0061   1.0511   0.0058   0.7723   0.0058 -2451.528
 15  12   1135.1    361.9   0.0035   0.8025   0.0044   0.5900   0.0044 -2409.387
 15  13   1121.3    375.7   0.0044   0.7161   0.0062   0.5491   0.0062 -2429.884
 15  14   1128.8    368.2   0.0035   0.8269   0.0042   0.6181   0.0042 -2423.244
 16   1   1117.0    380.0   0.0610   4.4462   0.0137   3.5225   0.0137 -2811.897
 16   2   1125.3    371.7   0.0624   5.5554   0.0112   4.2791   0.0112 -2797.269
 16   3   1127.5    369.5   0.0535   6.4033   0.0084   4.8624   0.0084 -2754.960
 16   4   1133.6    363.4   0.0532  53.1916   0.0010  38.8596   0.0010 -2737.750
 16   5   1127.7    369.3   0.0544  54.3627   0.0010  40.3504   0.0010 -2761.275
 16   6   1129.3    367.7   0.0543  54.3033   0.0010  40.1398   0.0010 -2756.475
 16   7   1132.7    364.3   0.0550  54.9250   0.0010  40.2232   0.0010 -2750.058
 16   8   1129.3    367.7   0.0553  55.2895   0.0010  40.8658   0.0010 -2751.471
 16   9   1123.9    373.1   0.0188   3.1725   0.0059   2.4146   0.0059 -2599.852
 16  10   1130.7    366.3   0.0115   1.6263   0.0071   1.2199   0.0071 -2521.941
 16  11   1132.5    364.5   0.0070   0.9261   0.0076   0.6924   0.0076 -2455.547
 16  12   1130.6    366.4   0.0044   0.9653   0.0045   0.7186   0.0045 -2443.964
 16  13   1119.2    377.8   0.0071   0.8049   0.0089   0.6254   0.0089 -2466.345
 16  14   1124.4    372.6   0.0044   0.8582   0.0051   0.6506   0.0051 -2444.441
 16  15   1123.2    373.8   0.0026   0.6409   0.0041   0.4861   0.0041 -2384.818
 17   1   1121.4    375.6   0.0538   6.9352   0.0078   5.3406   0.0078 -2779.892
 17   2   1134.0    363.0   0.0552   4.9546   0.0111   3.7301   0.0111 -2755.547
 17   3   1142.7    354.3   0.0482   4.5884   0.0105   3.3686   0.0105 -2711.897
 17   4   1145.2    351.8   0.0481   4.3656   0.0110   3.1881   0.0110 -2696.864
 17   5   1145.1    351.9   0.0480   4.1477   0.0116   3.0351   0.0116 -2709.851
 17   6   1146.4    350.6   0.0480   4.2370   0.0113   3.0874   0.0113 -2705.091
 17   7   1146.1    350.9   0.0508   4.5809   0.0111   3.3379   0.0111 -2709.349
 17   8   1138.4    358.6   0.0491  20.2597   0.0024  14.6731   0.0024 -2712.368
 17   9   1127.9    369.1   0.0134   2.1517   0.0062   1.6221   0.0062 -2555.803
 17  10   1150.5    346.5   0.0176   1.8701   0.0094   1.3389   0.0094 -2540.088
 17  11   1149.9    347.1   0.0177   1.9390   0.0091   1.3894   0.0091 -2540.968
 17  12   1148.0    349.0   0.0168   1.9352   0.0087   1.3920   0.0087 -2532.782
 17  13   1132.6    364.4   0.0197   1.9992   0.0099   1.5049   0.0099 -2582.727
 17  14   1141.8    355.2   0.0186   2.4243   0.0077   1.7682   0.0077 -2560.909
 17  15   1137.6    359.4   0.0178   2.0748   0.0086   1.5348   0.0086 -2556.702
 17  16   1133.1    363.9   0.0188   1.8664   0.0101   1.4036   0.0101 -2566.414
 18   1   1120.9    376.1   0.0539   6.2241   0.0087   4.8124   0.0087 -2781.071
 18   2   1133.7    363.3   0.0553   4.4640   0.0124   3.3758   0.0124 -2756.164
 18   3   1142.9    354.1   0.0482   4.8107   0.0100   3.5244   0.0100 -2712.933
 18   4   1145.1    351.9   0.0481   4.3374   0.0111   3.1693   0.0111 -2698.288
 18   5   1145.5    351.5   0.0480   4.1296   0.0116   3.0188   0.0116 -2710.371
 18   6   1146.8    350.2   0.0480   4.2178   0.0114   3.0706   0.0114 -2705.708
 18   7   1146.1    350.9   0.0508   4.7796   0.0106   3.4773   0.0106 -2710.747
 18   8   1138.0    359.0   0.0491  19.8857   0.0025  14.4179   0.0025 -2713.956
 18   9   1127.2    369.8   0.0134   2.1062   0.0064   1.5912   0.0064 -2556.281
 18  10   1151.1    345.9   0.0176   1.9725   0.0089   1.4077   0.0089 -2542.388
 18  11   1150.3    346.7   0.0176   2.0179   0.0087   1.4427   0.0087 -2543.298
 18  12   1148.4    348.6   0.0167   2.0133   0.0083   1.4450   0.0083 -2534.739
 18  13   1132.6    364.4   0.0198   1.9962   0.0099   1.5024   0.0099 -2584.076
 18  14   1142.2    354.8   0.0186   2.4289   0.0077   1.7695   0.0077 -2561.465
 18  15   1137.8    359.2   0.0178   2.1047   0.0085   1.5557   0.0085 -2557.813
 18  16   1133.0    364.0   0.0188   1.9339   0.0097   1.4534   0.0097 -2568.831
 18  17   1151.0    346.0   0.0000   0.0189   0.0010   0.0131   0.0010 -1964.438
 19   1   1117.8    379.2   0.0550   4.4437   0.0124   3.5003   0.0124 -2786.611
 19   2   1128.4    368.6   0.0564   4.0026   0.0141   3.0845   0.0141 -2766.206
 19   3   1134.2    362.8   0.0476   3.3990   0.0140   2.5794   0.0140 -2717.995
 19   4   1138.1    358.9   0.0474   4.1816   0.0113   3.1154   0.0113 -2705.378
 19   5   1135.9    361.1   0.0474   4.7757   0.0099   3.5639   0.0099 -2721.377
 19   6   1137.2    359.8   0.0473   4.7668   0.0099   3.5448   0.0099 -2716.574
 19   7   1138.3    358.7   0.0501   4.7285   0.0106   3.5131   0.0106 -2720.113
 19   8   1132.3    364.7   0.0484   8.3773   0.0058   6.2317   0.0058 -2719.457
 19   9   1124.2    372.8   0.0126   2.1222   0.0059   1.6137   0.0059 -2555.038
 19  10   1140.1    356.9   0.0151   2.2106   0.0068   1.6156   0.0068 -2541.897
 19  11   1140.5    356.5   0.0160   2.1507   0.0075   1.5731   0.0075 -2549.114
 19  12   1138.6    358.4   0.0152   1.8115   0.0084   1.3356   0.0084 -2538.971
 19  13   1125.0    372.0   0.0199   2.0472   0.0097   1.5712   0.0097 -2594.950
 19  14   1132.5    364.5   0.0170   2.6512   0.0064   1.9753   0.0064 -2568.314
 19  15   1129.4    367.6   0.0181   1.7412   0.0104   1.3234   0.0104 -2562.899
 19  16   1126.5    370.5   0.0172   1.7201   0.0100   1.3159   0.0100 -2567.839
 19  17   1141.2    355.8   0.0061   0.6535   0.0093   0.4799   0.0093 -2388.967
 19  18   1141.4    355.6   0.0061   0.6545   0.0093   0.4804   0.0093 -2389.080
 20   1   1115.6    381.4   0.0541   4.2845   0.0126   3.3958   0.0126 -2788.653
 20   2   1128.5    368.5   0.0554   4.0935   0.0135   3.1479   0.0135 -2766.244
 20   3   1138.5    358.5   0.0483   3.8689   0.0125   2.8897   0.0125 -2723.234
 20   4   1140.0    357.0   0.0482   7.1743   0.0067   5.2422   0.0067 -2714.562
 20   5   1141.6    355.4   0.0481   4.9994   0.0096   3.6707   0.0096 -2723.401
 20   6   1142.7    354.3   0.0480   4.9553   0.0097   3.6283   0.0097 -2719.078
 20   7   1141.4    355.6   0.0509   4.7634   0.0107   3.5108   0.0107 -2725.584
 20   8   1132.6    364.4   0.0493   6.3186   0.0078   4.7255   0.0078 -2728.355
 20   9   1121.5    375.5   0.0135   2.0964   0.0064   1.6078   0.0064 -2570.336
 20  10   1147.4    349.6   0.0141   1.7119   0.0082   1.2317   0.0082 -2522.287
 20  11   1146.2    350.8   0.0151   1.7312   0.0087   1.2515   0.0087 -2529.555
 20  12   1144.3    352.7   0.0141   2.0831   0.0068   1.5048   0.0068 -2531.312
 20  13   1128.1    368.9   0.0190   1.8044   0.0105   1.3767   0.0105 -2582.372
 20  14   1138.2    358.8   0.0160   2.8139   0.0057   2.0596   0.0057 -2561.432
 20  15   1133.3    363.7   0.0170   1.9278   0.0088   1.4439   0.0088 -2558.009
 20  16   1128.0    369.0   0.0162   1.8852   0.0086   1.4306   0.0086 -2564.823
 20  17   1146.9    350.1   0.0069   0.6910   0.0100   0.5008   0.0100 -2404.798
 20  18   1147.5    349.5   0.0069   0.6946   0.0100   0.5025   0.0100 -2407.820
 20  19   1137.0    360.0   0.0026   0.5779   0.0045   0.4229   0.0045 -2357.907
 21   1   1114.5    382.5   0.0552   4.3855   0.0126   3.4850   0.0126 -2793.221
 21   2   1123.8    373.2   0.0566   7.0498   0.0080   5.3996   0.0080 -2779.332
 21   3   1127.6    369.4   0.0478   3.6622   0.0131   2.8187   0.0131 -2730.983
 21   4   1132.9    364.1   0.0475   7.4391   0.0064   5.5361   0.0064 -2718.309
 21   5   1128.4    368.6   0.0487   5.4776   0.0089   4.1561   0.0089 -2739.574
 21   6   1129.9    367.1   0.0486   5.1724   0.0094   3.9154   0.0094 -2734.849
 21   7   1132.5    364.5   0.0513   6.0609   0.0085   4.5442   0.0085 -2736.789
 21   8   1128.0    369.0   0.0496   5.3173   0.0093   4.0445   0.0093 -2732.320
 21   9   1121.2    375.8   0.0143   2.0231   0.0071   1.5557   0.0071 -2567.733
 21  10   1132.2    364.8   0.0124   1.8554   0.0067   1.3846   0.0067 -2529.497
 21  11   1133.3    363.7   0.0124   2.6493   0.0047   1.9589   0.0047 -2540.128
 21  12   1131.4    365.6   0.0097   2.2147   0.0044   1.6445   0.0044 -2519.692
 21  13   1118.8    378.2   0.0162   2.5291   0.0064   1.9528   0.0064 -2586.303
 21  14   1125.2    371.8   0.0115   2.6459   0.0044   1.9974   0.0044 -2548.719
 21  15   1123.2    373.8   0.0125   2.2142   0.0056   1.6868   0.0056 -2547.690
 21  16   1121.4    375.6   0.0116   2.1794   0.0053   1.6663   0.0053 -2551.395
 21  17   1133.9    363.1   0.0124   1.9748   0.0063   1.4651   0.0063 -2534.517
 21  18   1133.9    363.1   0.0124   1.9903   0.0062   1.4765   0.0062 -2536.155
 21  19   1126.5    370.5   0.0116   2.0198   0.0058   1.5259   0.0058 -2539.135
 21  20   1129.2    367.8   0.0107   1.8770   0.0057   1.4077   0.0057 -2532.200
 22   1   1128.8    368.2   0.0573   9.0589   0.0063   6.8142   0.0063 -2774.889
 22   2   1143.3    353.7   0.0586   6.5113   0.0090   4.7497   0.0090 -2745.985
 22   3   1153.9    343.1   0.0485   6.0679   0.0080   4.2845   0.0080 -2685.681
 22   4   1156.6    340.4   0.0484   6.8496   0.0071   4.7846   0.0071 -2668.686
 22   5   1156.0    341.0   0.0493   7.9389   0.0062   5.5394   0.0062 -2690.640
 22   6   1157.5    339.5   0.0493   8.2382   0.0060   5.7186   0.0060 -2684.660
 22   7   1157.6    339.4   0.0493   3.5203   0.0140   2.5086   0.0140 -2672.147
 22   8   1149.2    347.8   0.0497   4.3536   0.0114   3.1485   0.0114 -2684.958
 22   9   1136.0    361.0   0.0177   4.8103   0.0037   3.5200   0.0037 -2567.828
 22  10   1163.2    333.8   0.0173   1.8210   0.0095   1.2585   0.0095 -2498.741
 22  11   1161.9    335.1   0.0173   2.3926   0.0073   1.6472   0.0073 -2511.602
 22  12   1159.9    337.1   0.0165   2.2166   0.0074   1.5357   0.0074 -2505.776
 22  13   1142.7    354.3   0.0185   2.1829   0.0085   1.5923   0.0085 -2550.151
 22  14   1153.4    343.6   0.0157   2.7333   0.0057   1.9184   0.0057 -2519.247
 22  15   1149.0    348.0   0.0166   2.2799   0.0073   1.6284   0.0073 -2524.376
 22  16   1143.7    353.3   0.0167  16.7294   0.0010  11.8834   0.0010 -2538.924
 22  17   1162.3    334.7   0.0192   2.0638   0.0093   1.4292   0.0093 -2514.902
 22  18   1162.6    334.4   0.0192   2.1557   0.0089   1.4891   0.0089 -2516.815
 22  19   1152.1    344.9   0.0168   1.6856   0.0100   1.2040   0.0100 -2514.998
 22  20   1158.5    338.5   0.0157   2.2049   0.0071   1.5324   0.0071 -2515.450
 22  21   1145.0    352.0   0.0140   2.9501   0.0047   2.1130   0.0047 -2523.292
 23   1   1124.6    372.4   0.0563  12.6116   0.0045   9.5391   0.0045 -2779.574
 23   2   1136.0    361.0   0.0579   4.4054   0.0131   3.3192   0.0131 -2755.094
 23   3   1142.0    355.0   0.0498   7.8174   0.0064   5.6750   0.0064 -2710.130
 23   4   1146.9    350.1   0.0497   5.6324   0.0088   4.0656   0.0088 -2691.163
 23   5   1142.9    354.1   0.0508   4.1630   0.0122   3.0704   0.0122 -2714.821
 23   6   1144.5    352.5   0.0507   4.5034   0.0113   3.2973   0.0113 -2709.398
 23   7   1146.8    350.2   0.0516   6.0497   0.0085   4.3645   0.0085 -2703.814
 23   8   1141.3    355.7   0.0518   5.1095   0.0101   3.7610   0.0101 -2709.194
 23   9   1132.0    365.0   0.0124   2.1099   0.0059   1.5716   0.0059 -2539.050
 23  10   1148.0    349.0   0.0104   1.9658   0.0053   1.3990   0.0053 -2490.118
 23  11   1148.4    348.6   0.0105   1.7440   0.0060   1.2424   0.0060 -2486.825
 23  12   1146.5    350.5   0.0096   1.9438   0.0049   1.3873   0.0049 -2487.307
 23  13   1132.3    364.7   0.0115   2.0786   0.0055   1.5455   0.0055 -2529.163
 23  14   1140.0    357.0   0.0123   2.3594   0.0052   1.7160   0.0052 -2521.194
 23  15   1137.5    359.5   0.0097   1.8125   0.0053   1.3279   0.0053 -2496.955
 23  16   1134.7    362.3   0.0106   1.9481   0.0054   1.4386   0.0054 -2509.777
 23  17   1148.9    348.1   0.0105   1.7914   0.0059   1.2740   0.0059 -2486.811
 23  18   1148.9    348.1   0.0105   1.8510   0.0057   1.3154   0.0057 -2489.290
 23  19   1140.6    356.4   0.0116   1.4720   0.0079   1.0780   0.0079 -2496.681
 23  20   1144.1    352.9   0.0106   1.5403   0.0069   1.1136   0.0069 -2493.999
 23  21   1134.8    362.2   0.0088   2.5718   0.0034   1.8869   0.0034 -2509.683
 23  22   1161.7    335.3   0.0121   1.5606   0.0077   1.0769   0.0077 -2453.227
 24   1   1120.3    376.7   0.0575  28.6104   0.0020  21.7250   0.0020 -2792.485
 24   2   1130.8    366.2   0.0591  59.1119   0.0010  43.5099   0.0010 -2772.762
 24   3   1135.9    361.1   0.0511  51.1346   0.0010  37.1212   0.0010 -2728.161
 24   4   1141.1    355.9   0.0509  50.9345   0.0010  36.4422   0.0010 -2710.717
 24   5   1136.6    360.4   0.0520  52.0237   0.0010  37.6962   0.0010 -2734.596
 24   6   1138.2    358.8   0.0519  51.9156   0.0010  37.4501   0.0010 -2729.255
 24   7   1140.8    356.2   0.0528  52.8264   0.0010  37.8329   0.0010 -2723.059
 24   8   1135.8    361.2   0.0531  53.0734   0.0010  38.5332   0.0010 -2726.817
 24   9   1127.6    369.4   0.0142   1.7807   0.0080   1.3505   0.0080 -2551.892
 24  10   1141.1    355.9   0.0123   2.4587   0.0050   1.7817   0.0050 -2519.539
 24  11   1141.9    355.1   0.0123   1.8345   0.0067   1.3335   0.0067 -2513.023
 24  12   1140.0    357.0   0.0114   2.4183   0.0047   1.7562   0.0047 -2512.860
 24  13   1126.5    370.5   0.0133   1.9453   0.0069   1.4746   0.0069 -2548.784
 24  14   1133.6    363.4   0.0142   2.3387   0.0061   1.7355   0.0061 -2544.153
 24  15   1131.4    365.6   0.0115   1.8984   0.0060   1.4170   0.0060 -2520.071
 24  16   1129.1    367.9   0.0124   1.6772   0.0074   1.2646   0.0074 -2529.841
 24  17   1142.4    354.6   0.0115   1.6101   0.0071   1.1706   0.0071 -2504.658
 24  18   1142.4    354.6   0.0115   1.6698   0.0069   1.2130   0.0069 -2507.865
 24  19   1134.5    362.5   0.0134   1.5094   0.0089   1.1270   0.0089 -2523.377
 24  20   1137.5    359.5   0.0124   1.9291   0.0064   1.4180   0.0064 -2528.999
 24  21   1128.9    368.1   0.0106   2.0572   0.0052   1.5414   0.0052 -2525.221
 24  22   1154.7    342.3   0.0121   1.6364   0.0074   1.1506   0.0074 -2473.672
 24  23   1143.6    353.4   0.0035   0.9815   0.0035   0.7030   0.0035 -2408.778
 25   1   1120.2    376.8   0.0578   4.9264   0.0117   3.8496   0.0117 -2791.036
 25   2   1131.0    366.0   0.0592   7.5220   0.0079   5.6508   0.0079 -2771.652
 25   3   1136.5    360.5   0.0511  51.1099   0.0010  37.0383   0.0010 -2726.062
 25   4   1141.5    355.5   0.0509   6.1353   0.0083   4.4872   0.0083 -2708.774
 25   5   1137.4    359.6   0.0520  51.9909   0.0010  37.5892   0.0010 -2732.353
 25   6   1139.0    358.0   0.0520   6.8641   0.0076   5.0438   0.0076 -2727.302
 25   7   1141.3    355.7   0.0529   4.2430   0.0125   3.1455   0.0125 -2720.739
 25   8   1136.0    361.0   0.0531  53.0679   0.0010  38.5079   0.0010 -2725.105
 25   9   1127.4    369.6   0.0142   1.8597   0.0077   1.4095   0.0077 -2552.933
 25  10   1142.1    354.9   0.0123   2.0021   0.0061   1.4521   0.0061 -2512.185
 25  11   1142.7    354.3   0.0123   2.1117   0.0058   1.5274   0.0058 -2514.985
 25  12   1140.8    356.2   0.0114   2.6790   0.0042   1.9384   0.0042 -2513.206
 25  13   1127.0    370.0   0.0133   2.0197   0.0066   1.5278   0.0066 -2547.326
 25  14   1134.4    362.6   0.0142   2.7685   0.0051   2.0441   0.0051 -2543.878
 25  15   1132.0    365.0   0.0115   1.8144   0.0063   1.3533   0.0063 -2514.350
 25  16   1129.4    367.6   0.0124   1.7541   0.0071   1.3201   0.0071 -2528.456
 25  17   1143.2    353.8   0.0115   1.6920   0.0068   1.2259   0.0068 -2504.580
 25  18   1143.2    353.8   0.0115   1.7643   0.0065   1.2771   0.0065 -2507.650
 25  19   1135.1    361.9   0.0134   1.4996   0.0090   1.1181   0.0090 -2518.364
 25  20   1138.4    358.6   0.0124   1.7842   0.0070   1.3104   0.0070 -2522.186
 25  21   1129.4    367.6   0.0106   1.9326   0.0055   1.4477   0.0055 -2521.450
 25  22   1155.6    341.4   0.0121   1.6468   0.0074   1.1548   0.0074 -2471.103
 25  23   1144.2    352.8   0.0035   1.0186   0.0034   0.7281   0.0034 -2410.543
 25  24   1138.0    359.0   0.0001   0.0947   0.0010   0.0684   0.0010 -2068.858
 26   1   1125.1    371.9   0.0623   9.9190   0.0063   7.5329   0.0063 -2803.194
 26   2   1135.9    361.1   0.0638   4.9384   0.0129   3.7192   0.0129 -2779.921
 26   3   1141.1    355.9   0.0558   3.3230   0.0168   2.4977   0.0168 -2731.545
 26   4   1146.3    350.7   0.0555   4.6685   0.0119   3.4088   0.0119 -2716.533
 26   5   1141.8    355.2   0.0567   5.2021   0.0109   3.8327   0.0109 -2741.795
 26   6   1143.4    353.6   0.0566   4.7851   0.0118   3.5203   0.0118 -2735.832
 26   7   1146.0    351.0   0.0555   4.9121   0.0113   3.5830   0.0113 -2722.374
 26   8   1141.0    356.0   0.0557   4.0774   0.0137   3.0366   0.0137 -2727.009
 26   9   1132.5    364.5   0.0124   2.7332   0.0045   2.0248   0.0045 -2547.548
 26  10   1146.5    350.5   0.0157   1.3962   0.0113   1.0169   0.0113 -2508.561
 26  11   1147.2    349.8   0.0158   2.0798   0.0076   1.4943   0.0076 -2524.467
 26  12   1145.3    351.7   0.0149   1.4265   0.0105   1.0397   0.0105 -2509.157
 26  13   1131.7    365.3   0.0170   1.5364   0.0110   1.1633   0.0110 -2549.876
 26  14   1138.9    358.1   0.0141   1.7909   0.0079   1.3175   0.0079 -2526.172
 26  15   1136.7    360.3   0.0151   1.5215   0.0099   1.1330   0.0099 -2523.755
 26  16   1134.3    362.7   0.0141   1.4917   0.0095   1.1165   0.0095 -2524.405
 26  17   1147.7    349.3   0.0159   1.6079   0.0099   1.1620   0.0099 -2516.211
 26  18   1147.7    349.3   0.0159   1.7082   0.0093   1.2322   0.0093 -2520.101
 26  19   1139.8    357.2   0.0152   1.4331   0.0106   1.0606   0.0106 -2516.795
 26  20   1142.9    354.1   0.0142   1.4046   0.0101   1.0293   0.0101 -2511.073
 26  21   1134.1    362.9   0.0123   1.6813   0.0073   1.2506   0.0073 -2518.390
 26  22   1160.1    336.9   0.0103   0.8381   0.0123   0.5899   0.0123 -2396.883
 26  23   1148.9    348.1   0.0087   1.1558   0.0075   0.8262   0.0075 -2439.054
 26  24   1142.8    354.2   0.0105   1.2901   0.0081   0.9398   0.0081 -2472.554
 26  25   1143.3    353.7   0.0105   1.2235   0.0086   0.8912   0.0086 -2464.926
 27   1   1122.9    374.1   0.0604  30.3143   0.0020  22.8608   0.0020 -2801.902
 27   2   1134.2    362.8   0.0621   4.4786   0.0139   3.3972   0.0139 -2779.269
 27   3   1140.5    356.5   0.0530   3.7666   0.0141   2.8123   0.0141 -2727.910
 27   4   1144.9    352.1   0.0528   6.6271   0.0080   4.7975   0.0080 -2713.756
 27   5   1141.7    355.3   0.0539   4.7226   0.0114   3.4860   0.0114 -2735.027
 27   6   1143.2    353.8   0.0539   4.3092   0.0125   3.1786   0.0125 -2729.239
 27   7   1144.9    352.1   0.0546  17.1597   0.0032  12.2324   0.0032 -2725.752
 27   8   1139.1    357.9   0.0550   3.7669   0.0146   2.8274   0.0146 -2730.008
 27   9   1130.0    367.0   0.0142   2.5885   0.0055   1.9360   0.0055 -2561.731
 27  10   1146.7    350.3   0.0140   1.5398   0.0091   1.1132   0.0091 -2507.817
 27  11   1147.0    350.0   0.0149   2.0794   0.0072   1.4929   0.0072 -2524.315
 27  12   1145.1    351.9   0.0140   1.5176   0.0092   1.1025   0.0092 -2511.765
 27  13   1130.8    366.2   0.0160   1.4450   0.0111   1.0966   0.0111 -2544.634
 27  14   1138.7    358.3   0.0132   1.8685   0.0071   1.3718   0.0071 -2524.505
 27  15   1135.9    361.1   0.0141   1.5225   0.0093   1.1340   0.0093 -2523.454
 27  16   1132.9    364.1   0.0133   1.6580   0.0080   1.2400   0.0080 -2529.874
 27  17   1147.5    349.5   0.0141   1.4854   0.0095   1.0728   0.0095 -2505.027
 27  18   1147.6    349.4   0.0141   1.5515   0.0091   1.1187   0.0091 -2508.793
 27  19   1139.1    357.9   0.0152   1.6810   0.0090   1.2402   0.0090 -2534.088
 27  20   1143.0    354.0   0.0142   1.5265   0.0093   1.1153   0.0093 -2519.734
 27  21   1133.0    364.0   0.0106   1.7531   0.0060   1.3029   0.0060 -2515.982
 27  22   1159.7    337.3   0.0086   0.8440   0.0102   0.5904   0.0102 -2393.602
 27  23   1147.9    349.1   0.0087   1.2147   0.0072   0.8699   0.0072 -2448.006
 27  24   1141.6    355.4   0.0105   1.1522   0.0091   0.8446   0.0091 -2466.632
 27  25   1142.2    354.8   0.0105   1.1218   0.0094   0.8215   0.0094 -2462.741
 27  26   1146.9    350.1   0.0035   0.1725   0.0200   0.1290   0.0200 -2159.357
 28   1   1122.0    375.0   0.0603  20.1520   0.0030  15.2814   0.0030 -2808.642
 28   2   1130.1    366.9   0.0620  11.7922   0.0053   8.8099   0.0053 -2792.134
 28   3   1132.0    365.0   0.0541   4.6477   0.0116   3.5222   0.0116 -2751.451
 28   4   1138.5    358.5   0.0539   4.3499   0.0124   3.2477   0.0124 -2733.369
 28   5   1131.9    365.1   0.0550  15.1032   0.0036  11.1748   0.0036 -2759.652
 28   6   1133.5    363.5   0.0550  16.3233   0.0034  12.0143   0.0034 -2754.591
 28   7   1137.5    359.5   0.0557  13.7039   0.0041  10.0011   0.0041 -2747.228
 28   8   1134.5    362.5   0.0559   4.0756   0.0137   3.0877   0.0137 -2746.976
 28   9   1129.1    367.9   0.0160   2.4449   0.0066   1.8387   0.0066 -2581.724
 28  10   1134.9    362.1   0.0177   1.9987   0.0088   1.4906   0.0088 -2563.763
 28  11   1136.9    360.1   0.0178   1.5403   0.0115   1.1521   0.0115 -2548.692
 28  12   1135.0    362.0   0.0168   1.5928   0.0106   1.1938   0.0106 -2550.819
 28  13   1123.8    373.2   0.0170   1.8414   0.0093   1.4158   0.0093 -2580.103
 28  14   1128.8    368.2   0.0160   1.9826   0.0081   1.4993   0.0081 -2565.021
 28  15   1127.8    369.2   0.0151   1.7848   0.0085   1.3547   0.0085 -2556.338
 28  16   1127.2    369.8   0.0161   1.3184   0.0122   1.0132   0.0122 -2551.229
 28  17   1137.4    359.6   0.0142   1.8218   0.0078   1.3452   0.0078 -2537.010
 28  18   1137.2    359.8   0.0142   1.8938   0.0075   1.3979   0.0075 -2540.065
 28  19   1131.0    366.0   0.0171   1.7428   0.0098   1.3171   0.0098 -2563.282
 28  20   1132.1    364.9   0.0161   1.5032   0.0107   1.1359   0.0107 -2551.592
 28  21   1126.3    370.7   0.0142   2.0795   0.0068   1.5771   0.0068 -2559.419
 28  22   1148.4    348.6   0.0104   1.0864   0.0096   0.7830   0.0096 -2457.487
 28  23   1139.6    357.4   0.0088   1.1547   0.0076   0.8470   0.0076 -2462.790
 28  24   1134.0    363.0   0.0097   1.3790   0.0070   1.0251   0.0070 -2498.516
 28  25   1134.3    362.7   0.0097   1.3140   0.0074   0.9770   0.0074 -2493.487
 28  26   1139.2    357.8   0.0070   0.4900   0.0143   0.3673   0.0143 -2351.444
 28  27   1137.6    359.4   0.0070   0.5393   0.0130   0.4043   0.0130 -2373.508
 29   1   1123.7    373.3   0.0633  37.7526   0.0017  28.3820   0.0017 -2808.394
 29   2   1136.0    361.0   0.0648   5.4735   0.0118   4.1073   0.0118 -2784.381
 29   3   1143.5    353.5   0.0566   4.3045   0.0132   3.1794   0.0132 -2736.780
 29   4   1147.5    349.5   0.0565  56.4610   0.0010  39.6798   0.0010 -2720.161
 29   5   1145.0    352.0   0.0574  57.4155   0.0010  40.6385   0.0010 -2742.972
 29   6   1146.5    350.5   0.0574  57.3681   0.0010  40.4289   0.0010 -2737.369
 29   7   1147.8    349.2   0.0583   4.6452   0.0126   3.3851   0.0126 -2731.868
 29   8   1141.2    355.8   0.0586  58.6493   0.0010  41.9533   0.0010 -2737.741
 29   9   1130.9    366.1   0.0160   2.4953   0.0064   1.8671   0.0064 -2568.055
 29  10   1150.6    346.4   0.0166   1.2379   0.0134   0.8977   0.0134 -2500.539
 29  11   1150.4    346.6   0.0176   1.7435   0.0101   1.2515   0.0101 -2526.474
 29  12   1148.5    348.5   0.0168   1.2449   0.0135   0.9080   0.0135 -2506.179
 29  13   1133.4    363.6   0.0188   1.5418   0.0122   1.1662   0.0122 -2557.599
 29  14   1142.0    355.0   0.0159   1.9509   0.0082   1.4241   0.0082 -2533.084
 29  15   1138.8    358.2   0.0169   1.6012   0.0105   1.1879   0.0105 -2533.264
 29  16   1135.1    361.9   0.0160   1.2955   0.0124   0.9759   0.0124 -2528.435
 29  17   1150.9    346.1   0.0159   1.4883   0.0107   1.0687   0.0107 -2508.707
 29  18   1151.1    345.9   0.0158   1.5585   0.0102   1.1168   0.0102 -2512.484
 29  19   1142.0    355.0   0.0170   1.3946   0.0122   1.0310   0.0122 -2529.092
 29  20   1146.6    350.4   0.0159   1.3581   0.0117   0.9903   0.0117 -2516.172
 29  21   1135.6    361.4   0.0141   1.8666   0.0076   1.3840   0.0076 -2532.209
 29  22   1163.8    333.2   0.0120   0.7621   0.0158   0.5370   0.0158 -2399.338
 29  23   1151.1    345.9   0.0104   1.3180   0.0079   0.9378   0.0079 -2458.729
 29  24   1144.6    352.4   0.0114   1.1354   0.0101   0.8281   0.0101 -2467.772
 29  25   1145.3    351.7   0.0114   1.1226   0.0102   0.8174   0.0102 -2462.366
 29  26   1149.9    347.1   0.0069   0.3345   0.0208   0.2487   0.0208 -2265.825
 29  27   1149.2    347.8   0.0069   0.3656   0.0190   0.2708   0.0190 -2288.708
 29  28   1139.9    357.1   0.0070   0.4857   0.0144   0.3636   0.0144 -2348.783
 30   1   1123.3    373.7   0.0594  59.4341   0.0010  44.6406   0.0010 -2793.700
 30   2   1134.2    362.8   0.0591   3.9131   0.0151   2.9789   0.0151 -2764.470
 30   3   1139.5    357.5   0.0539   4.8304   0.0112   3.5834   0.0112 -2729.469
 30   4   1144.7    352.3   0.0537  53.7417   0.0010  38.0626   0.0010 -2711.454
 30   5   1140.3    356.7   0.0548  54.7336   0.0010  39.2518   0.0010 -2736.390
 30   6   1141.9    355.1   0.0547  54.6790   0.0010  39.0339   0.0010 -2730.750
 30   7   1144.4    352.6   0.0547   5.2345   0.0104   3.8237   0.0104 -2721.262
 30   8   1139.3    357.7   0.0549  54.8255   0.0010  39.4257   0.0010 -2724.945
 30   9   1130.6    366.4   0.0151   2.5384   0.0060   1.8979   0.0060 -2562.883
 30  10   1145.0    352.0   0.0176   1.5007   0.0117   1.0988   0.0117 -2527.502
 30  11   1145.7    351.3   0.0176   2.2757   0.0077   1.6425   0.0077 -2543.265
 30  12   1143.8    353.2   0.0168   1.5296   0.0110   1.1210   0.0110 -2528.310
 30  13   1130.0    367.0   0.0188   1.5613   0.0121   1.1908   0.0121 -2565.542
 30  14   1137.4    359.6   0.0160   1.7776   0.0090   1.3176   0.0090 -2541.660
 30  15   1135.1    361.9   0.0169   1.7395   0.0097   1.3001   0.0097 -2546.109
 30  16   1132.6    364.4   0.0169   1.6006   0.0106   1.2071   0.0106 -2548.065
 30  17   1146.2    350.8   0.0151   1.4840   0.0101   1.0777   0.0101 -2506.980
 30  18   1146.3    350.7   0.0150   1.5514   0.0097   1.1250   0.0097 -2510.857
 30  19   1138.2    358.8   0.0162   1.4495   0.0112   1.0790   0.0112 -2527.748
 30  20   1141.4    355.6   0.0169   1.5474   0.0109   1.1414   0.0109 -2534.923
 30  21   1132.5    364.5   0.0151   1.8866   0.0080   1.4122   0.0080 -2543.501
 30  22   1158.7    338.3   0.0112   0.7633   0.0147   0.5436   0.0147 -2399.418
 30  23   1147.5    349.5   0.0114   1.1514   0.0099   0.8327   0.0099 -2457.792
 30  24   1141.3    355.7   0.0123   1.0373   0.0119   0.7677   0.0119 -2468.290
 30  25   1141.8    355.2   0.0123   1.0451   0.0118   0.7721   0.0118 -2467.469
 30  26   1146.5    350.5   0.0078   0.3508   0.0224   0.2644   0.0224 -2289.678
 30  27   1145.4    351.6   0.0079   0.3914   0.0201   0.2938   0.0201 -2312.878
 30  28   1137.6    359.4   0.0079   0.4317   0.0183   0.3290   0.0183 -2343.911
 30  29   1148.4    348.6   0.0061   0.2862   0.0213   0.2139   0.0213 -2242.105
 31   1   1121.8    375.2   0.0596   8.1260   0.0073   6.2446   0.0073 -2793.761
 31   2   1135.1    361.9   0.0610   4.7666   0.0128   3.5959   0.0128 -2768.353
 31   3   1144.3    352.7   0.0508   4.2041   0.0121   3.0882   0.0121 -2711.379
 31   4   1147.2    349.8   0.0507   4.1109   0.0123   2.9982   0.0123 -2694.556
 31   5   1146.4    350.6   0.0516   7.2689   0.0071   5.2255   0.0071 -2716.884
 31   6   1147.8    349.2   0.0516   7.3214   0.0070   5.2415   0.0070 -2711.400
 31   7   1148.0    349.0   0.0526   2.8321   0.0186   2.1016   0.0186 -2700.698
 31   8   1140.2    356.8   0.0530   2.6486   0.0200   2.0147   0.0200 -2709.096
 31   9   1128.7    368.3   0.0169  10.6981   0.0016   7.9352   0.0016 -2578.770
 31  10   1152.6    344.4   0.0174   1.1989   0.0145   0.8679   0.0145 -2503.750
 31  11   1151.8    345.2   0.0184   1.9748   0.0093   1.4087   0.0093 -2536.481
 31  12   1149.8    347.2   0.0175   1.6401   0.0107   1.1815   0.0107 -2524.743
 31  13   1133.7    363.3   0.0197   1.8326   0.0107   1.3790   0.0107 -2567.442
 31  14   1143.4    353.6   0.0168   2.0874   0.0080   1.5175   0.0080 -2541.042
 31  15   1139.3    357.7   0.0177   2.0024   0.0088   1.4757   0.0088 -2545.076
 31  16   1134.7    362.3   0.0168   2.0467   0.0082   1.5244   0.0082 -2552.533
 31  17   1152.3    344.7   0.0167   1.5431   0.0108   1.1044   0.0108 -2509.603
 31  18   1152.7    344.3   0.0167   1.6416   0.0102   1.1713   0.0102 -2513.286
 31  19   1142.7    354.3   0.0142   1.6526   0.0086   1.2060   0.0086 -2516.772
 31  20   1148.4    348.6   0.0150   1.3124   0.0115   0.9513   0.0115 -2500.932
 31  21   1135.6    361.4   0.0132   1.8593   0.0071   1.3767   0.0071 -2526.524
 31  22   1165.3    331.7   0.0094   0.8165   0.0115   0.5648   0.0115 -2385.871
 31  23   1151.4    345.6   0.0113   1.1640   0.0097   0.8323   0.0097 -2454.622
 31  24   1144.7    352.3   0.0123   1.1589   0.0106   0.8464   0.0106 -2472.344
 31  25   1145.5    351.5   0.0123   1.1201   0.0110   0.8171   0.0110 -2468.159
 31  26   1150.1    346.9   0.0078   0.3648   0.0214   0.2716   0.0214 -2292.100
 31  27   1149.7    347.3   0.0078   0.4703   0.0166   0.3453   0.0166 -2335.749
 31  28   1139.2    357.8   0.0061   0.6116   0.0100   0.4524   0.0100 -2379.683
 31  29   1153.4    343.6   0.0060   0.4407   0.0137   0.3175   0.0137 -2298.859
 31  30   1148.6    348.4   0.0070   0.4298   0.0162   0.3161   0.0162 -2316.020
 32   1   1117.1    379.9   0.0617  19.4803   0.0032  14.9684   0.0032 -2816.436
 32   2   1127.4    369.6   0.0613   7.3525   0.0083   5.5839   0.0083 -2790.808
 32   3   1132.7    364.3   0.0553   2.9944   0.0185   2.3115   0.0185 -2748.309
 32   4   1137.3    359.7   0.0550   5.3022   0.0104   3.9478   0.0104 -2738.407
 32   5   1133.9    363.1   0.0561   6.7894   0.0083   5.0673   0.0083 -2759.481
 32   6   1135.4    361.6   0.0560   6.8213   0.0082   5.0709   0.0082 -2754.677
 32   7   1137.2    359.8   0.0569   4.8681   0.0117   3.6399   0.0117 -2749.629
 32   8   1131.8    365.2   0.0571  19.3602   0.0029  14.2992   0.0029 -2754.220
 32   9   1123.9    373.1   0.0161   2.8552   0.0056   2.1714   0.0056 -2586.810
 32  10   1138.2    358.8   0.0168   1.5726   0.0107   1.1691   0.0107 -2539.705
 32  11   1138.8    358.2   0.0178   1.6604   0.0107   1.2323   0.0107 -2547.746
 32  12   1136.9    360.1   0.0169   1.4164   0.0119   1.0606   0.0119 -2542.667
 32  13   1123.5    373.5   0.0189   1.7148   0.0110   1.3262   0.0110 -2585.617
 32  14   1130.7    366.3   0.0161   1.7293   0.0093   1.3058   0.0093 -2551.690
 32  15   1128.1    368.9   0.0170   1.5541   0.0109   1.1875   0.0109 -2556.127
 32  16   1125.5    371.5   0.0161   1.3131   0.0123   1.0138   0.0123 -2548.770
 32  17   1139.4    357.6   0.0161   1.4820   0.0108   1.0986   0.0108 -2530.985
 32  18   1139.5    357.5   0.0160   1.5490   0.0104   1.1463   0.0104 -2534.606
 32  19   1131.5    365.5   0.0171   1.5313   0.0112   1.1606   0.0112 -2554.549
 32  20   1134.9    362.1   0.0161   1.4643   0.0110   1.0992   0.0110 -2542.788
 32  21   1125.4    371.6   0.0143   1.9250   0.0074   1.4656   0.0074 -2554.878
 32  22   1150.8    346.2   0.0087   0.8890   0.0097   0.6367   0.0097 -2427.357
 32  23   1139.6    357.4   0.0105   1.0471   0.0101   0.7740   0.0101 -2467.517
 32  24   1133.6    363.4   0.0097   1.2511   0.0078   0.9333   0.0078 -2491.805
 32  25   1134.1    362.9   0.0097   1.1782   0.0082   0.8788   0.0082 -2485.681
 32  26   1138.9    358.1   0.0070   0.3574   0.0196   0.2725   0.0196 -2302.429
 32  27   1138.0    359.0   0.0070   0.4243   0.0165   0.3213   0.0165 -2329.316
 32  28   1130.2    366.8   0.0053   0.5543   0.0095   0.4194   0.0095 -2373.580
 32  29   1140.8    356.2   0.0052   0.4405   0.0119   0.3264   0.0119 -2319.975
 32  30   1137.3    359.7   0.0044   0.4440   0.0099   0.3300   0.0099 -2330.722
 32  31   1141.2    355.8   0.0044   0.5039   0.0087   0.3693   0.0087 -2341.654
 33   1   1117.1    379.9   0.0617  19.4804   0.0032  14.9684   0.0032 -2816.436
 33   2   1127.4    369.6   0.0613   7.3525   0.0083   5.5839   0.0083 -2790.808
 33   3   1132.7    364.3   0.0553   2.9944   0.0185   2.3115   0.0185 -2748.309
 33   4   1137.3    359.7   0.0550   5.3022   0.0104   3.9478   0.0104 -2738.407
 33   5   1133.9    363.1   0.0561   6.7894   0.0083   5.0673   0.0083 -2759.481
 33   6   1135.4    361.6   0.0560   6.8213   0.0082   5.0709   0.0082 -2754.677
 33   7   1137.2    359.8   0.0569   4.8681   0.0117   3.6399   0.0117 -2749.629
 33   8   1131.8    365.2   0.0571  19.3603   0.0029  14.2992   0.0029 -2754.220
 33   9   1123.9    373.1   0.0161   2.8552   0.0056   2.1714   0.0056 -2586.810
 33  10   1138.2    358.8   0.0168   1.5726   0.0107   1.1691   0.0107 -2539.705
 33  11   1138.8    358.2   0.0178   1.6604   0.0107   1.2323   0.0107 -2547.746
 33  12   1136.9    360.1   0.0169   1.4164   0.0119   1.0606   0.0119 -2542.667
 33  13   1123.5    373.5   0.0189   1.7148   0.0110   1.3262   0.0110 -2585.617
 33  14   1130.7    366.3   0.0161   1.7293   0.0093   1.3058   0.0093 -2551.690
 33  15   1128.1    368.9   0.0170   1.5541   0.0109   1.1875   0.0109 -2556.127
 33  16   1125.5    371.5   0.0161   1.3131   0.0123   1.0138   0.0123 -2548.770
 33  17   1139.4    357.6   0.0161   1.4820   0.0108   1.0986   0.0108 -2530.985
 33  18   1139.5    357.5   0.0160   1.5490   0.0104   1.1463   0.0104 -2534.606
 33  19   1131.5    365.5   0.0171   1.5313   0.0112   1.1606   0.0112 -2554.549
 33  20   1134.9    362.1   0.0161   1.4643   0.0110   1.0992   0.0110 -2542.788
 33  21   1125.4    371.6   0.0143   1.9250   0.0074   1.4656   0.0074 -2554.878
 33  22   1150.8    346.2   0.0087   0.8890   0.0097   0.6367   0.0097 -2427.357
 33  23   1139.6    357.4   0.0105   1.0471   0.0101   0.7740   0.0101 -2467.517
 33  24   1133.6    363.4   0.0097   1.2511   0.0078   0.9333   0.0078 -2491.805
 33  25   1134.1    362.9   0.0097   1.1782   0.0082   0.8788   0.0082 -2485.681
 33  26   1138.9    358.1   0.0070   0.3574   0.0196   0.2725   0.0196 -2302.429
 33  27   1138.0    359.0   0.0070   0.4243   0.0165   0.3213   0.0165 -2329.316
 33  28   1130.2    366.8   0.0053   0.5543   0.0095   0.4194   0.0095 -2373.580
 33  29   1140.8    356.2   0.0052   0.4405   0.0119   0.3264   0.0119 -2319.975
 33  30   1137.3    359.7   0.0044   0.4440   0.0099   0.3300   0.0099 -2330.722
 33  31   1141.2    355.8   0.0044   0.5039   0.0087   0.3693   0.0087 -2341.654
 33  32   1130.2    366.8   0.0000   0.0000   0.8787   0.0000   0.8787 -1941.721
 34   1   1115.2    381.8   0.0617  54.9399   0.0011  42.1757   0.0011 -2819.021
 34   2   1125.6    371.4   0.0613  61.3044   0.0010  45.7630   0.0010 -2794.031
 34   3   1131.1    365.9   0.0534   3.1516   0.0170   2.4318   0.0170 -2745.076
 34   4   1135.5    361.5   0.0532   4.5004   0.0118   3.3814   0.0118 -2734.300
 34   5   1132.5    364.5   0.0542   4.8025   0.0113   3.6312   0.0113 -2754.688
 34   6   1133.9    363.1   0.0542   4.7650   0.0114   3.5905   0.0114 -2749.962
 34   7   1135.5    361.5   0.0550   5.1002   0.0108   3.8199   0.0108 -2746.350
 34   8   1129.9    367.1   0.0553   4.6726   0.0118   3.5629   0.0118 -2750.617
 34   9   1121.8    375.2   0.0161   4.6113   0.0035   3.5033   0.0035 -2593.275
 34  10   1136.8    360.2   0.0168   1.5483   0.0108   1.1559   0.0108 -2541.720
 34  11   1137.4    359.6   0.0178   1.7368   0.0102   1.2922   0.0102 -2556.014
 34  12   1135.4    361.6   0.0169   1.4432   0.0117   1.0841   0.0117 -2545.422
 34  13   1121.8    375.2   0.0190   1.6248   0.0117   1.2642   0.0117 -2585.172
 34  14   1129.2    367.8   0.0161   1.7708   0.0091   1.3415   0.0091 -2557.325
 34  15   1126.4    370.6   0.0170   1.6029   0.0106   1.2287   0.0106 -2560.225
 34  16   1123.7    373.3   0.0161   1.5577   0.0103   1.2015   0.0103 -2562.064
 34  17   1138.0    359.0   0.0160   1.7501   0.0092   1.2957   0.0092 -2543.508
 34  18   1138.1    358.9   0.0160   1.8505   0.0087   1.3674   0.0087 -2546.610
 34  19   1129.9    367.1   0.0153   1.6229   0.0094   1.2286   0.0094 -2549.453
 34  20   1133.6    363.4   0.0162   1.5262   0.0106   1.1481   0.0106 -2548.016
 34  21   1123.7    373.3   0.0143   2.0616   0.0069   1.5743   0.0069 -2560.401
 34  22   1149.3    347.7   0.0087   0.8134   0.0107   0.5867   0.0107 -2417.047
 34  23   1138.0    359.0   0.0106   1.0473   0.0101   0.7777   0.0101 -2472.228
 34  24   1131.9    365.1   0.0115   1.1896   0.0097   0.8966   0.0097 -2501.032
 34  25   1132.5    364.5   0.0115   1.1681   0.0099   0.8795   0.0099 -2498.193
 34  26   1137.2    359.8   0.0070   0.3431   0.0204   0.2634   0.0204 -2293.943
 34  27   1136.3    360.7   0.0070   0.4031   0.0174   0.3073   0.0174 -2321.890
 34  28   1128.4    368.6   0.0053   0.5995   0.0088   0.4548   0.0088 -2390.420
 34  29   1139.2    357.8   0.0052   0.4199   0.0125   0.3131   0.0125 -2305.988
 34  30   1135.6    361.4   0.0044   0.4427   0.0099   0.3306   0.0099 -2327.164
 34  31   1139.7    357.3   0.0026   0.4463   0.0059   0.3255   0.0059 -2308.122
 34  32   1128.5    368.5   0.0018   0.1606   0.0110   0.1226   0.0110 -2166.670
 34  33   1128.5    368.5   0.0018   0.1606   0.0110   0.1226   0.0110 -2166.670
 35   1   1127.6    369.4   0.0506   7.8484   0.0065   5.9237   0.0065 -2755.916
 35   2   1142.5    354.5   0.0499   6.1448   0.0081   4.4793   0.0081 -2718.595
 35   3   1154.3    342.7   0.0429   8.4367   0.0051   5.8941   0.0051 -2669.051
 35   4   1155.7    341.3   0.0429   7.8980   0.0054   5.5007   0.0054 -2653.780
 35   5   1157.3    339.7   0.0438   5.4432   0.0080   3.8075   0.0080 -2671.160
 35   6   1158.5    338.5   0.0437   5.6276   0.0078   3.9185   0.0078 -2665.626
 35   7   1157.3    339.7   0.0446   7.6233   0.0058   5.2937   0.0058 -2663.625
 35   8   1147.8    349.2   0.0431   6.4091   0.0067   4.5841   0.0067 -2667.415
 35   9   1134.3    362.7   0.0278   4.9610   0.0056   3.6687   0.0056 -2624.167
 35  10   1164.3    332.7   0.0271   3.8297   0.0071   2.6164   0.0071 -2568.461
 35  11   1162.6    334.4   0.0262   4.7885   0.0055   3.2701   0.0055 -2568.640
 35  12   1160.7    336.3   0.0272   4.5116   0.0060   3.1042   0.0060 -2572.709
 35  13   1143.1    353.9   0.0285   5.9317   0.0048   4.2720   0.0048 -2612.943
 35  14   1154.3    342.7   0.0273   5.1131   0.0053   3.5745   0.0053 -2588.635
 35  15   1149.1    347.9   0.0293  29.2733   0.0010  20.4751   0.0010 -2599.936
 35  16   1143.1    353.9   0.0294   5.1786   0.0057   3.7406   0.0057 -2610.879
 35  17   1163.2    333.8   0.0289   3.7638   0.0077   2.5854   0.0077 -2575.607
 35  18   1163.7    333.3   0.0289   4.0044   0.0072   2.7418   0.0072 -2576.722
 35  19   1152.5    344.5   0.0265   4.4091   0.0060   3.1048   0.0060 -2582.936
 35  20   1159.9    337.1   0.0291   4.7734   0.0061   3.2923   0.0061 -2592.194
 35  21   1144.6    352.4   0.0257   6.4006   0.0040   4.5787   0.0040 -2595.452
 35  22   1176.4    320.6   0.0286   9.5181   0.0030   6.1829   0.0030 -2537.876
 35  23   1160.9    336.1   0.0254   4.8912   0.0052   3.3530   0.0052 -2548.716
 35  24   1153.9    343.1   0.0273   6.0967   0.0045   4.2546   0.0045 -2576.377
 35  25   1154.9    342.1   0.0273  18.6878   0.0015  12.8731   0.0015 -2573.688
 35  26   1159.3    337.7   0.0290   3.4276   0.0085   2.3870   0.0085 -2566.663
 35  27   1159.4    337.6   0.0290   3.8395   0.0076   2.6648   0.0076 -2573.035
 35  28   1147.3    349.7   0.0302   4.7992   0.0063   3.4328   0.0063 -2607.384
 35  29   1163.5    333.5   0.0325   3.4005   0.0096   2.3484   0.0096 -2579.691
 35  30   1158.0    339.0   0.0318   3.8497   0.0083   2.6895   0.0083 -2585.090
 35  31   1165.6    331.4   0.0297   4.2290   0.0070   2.8780   0.0070 -2564.471
 35  32   1150.8    346.2   0.0310   4.5261   0.0069   3.2121   0.0069 -2604.883
 35  33   1150.8    346.2   0.0310   4.5261   0.0069   3.2121   0.0069 -2604.883
 35  34   1149.4    347.6   0.0292   3.6652   0.0080   2.6205   0.0080 -2597.914
 36   1   1130.2    366.8   0.0506   5.9422   0.0085   4.4820   0.0085 -2750.714
 36   2   1145.4    351.6   0.0499   5.0013   0.0100   3.6384   0.0100 -2711.691
 36   3   1157.6    339.4   0.0484   8.3933   0.0058   5.8215   0.0058 -2687.565
 36   4   1159.0    338.0   0.0484  15.4033   0.0031  10.5474   0.0031 -2672.820
 36   5   1160.6    336.4   0.0474   4.9878   0.0095   3.4731   0.0095 -2682.475
 36   6   1161.9    335.1   0.0474   5.0485   0.0094   3.5007   0.0094 -2676.764
 36   7   1160.5    336.5   0.0482   4.7708   0.0101   3.3292   0.0101 -2673.508
 36   8   1150.9    346.1   0.0467  12.4972   0.0037   8.7749   0.0037 -2679.871
 36   9   1137.0    360.0   0.0332   9.1151   0.0036   6.6511   0.0036 -2649.301
 36  10   1167.9    329.1   0.0323   6.5861   0.0049   4.4197   0.0049 -2591.444
 36  11   1166.0    331.0   0.0315   5.6535   0.0056   3.8239   0.0056 -2589.813
 36  12   1164.0    333.0   0.0324   8.5111   0.0038   5.7546   0.0038 -2594.800
 36  13   1146.3    350.7   0.0348   4.4647   0.0078   3.2182   0.0078 -2637.045
 36  14   1157.7    339.3   0.0326  17.3201   0.0019  11.8521   0.0019 -2611.856
 36  15   1152.4    344.6   0.0355  14.4942   0.0024  10.0910   0.0024 -2626.017
 36  16   1146.1    350.9   0.0348   5.8243   0.0060   4.1751   0.0060 -2631.838
 36  17   1166.5    330.5   0.0323  21.0172   0.0015  13.9955   0.0015 -2587.515
 36  18   1167.1    329.9   0.0323  20.8319   0.0016  13.8483   0.0016 -2588.178
 36  19   1155.8    341.2   0.0327  14.0592   0.0023   9.6902   0.0023 -2608.511
 36  20   1163.3    333.7   0.0334   4.6014   0.0072   3.1552   0.0072 -2607.112
 36  21   1147.9    349.1   0.0310  10.0622   0.0031   7.1119   0.0031 -2617.586
 36  22   1180.0    317.0   0.0338   9.1127   0.0037   5.8685   0.0037 -2556.428
 36  23   1164.3    332.7   0.0316  13.9875   0.0023   9.3991   0.0023 -2575.383
 36  24   1157.2    339.8   0.0308  24.0001   0.0013  16.4128   0.0013 -2589.558
 36  25   1158.3    338.7   0.0308   6.0695   0.0051   4.1914   0.0051 -2586.980
 36  26   1162.6    334.4   0.0343   6.0898   0.0056   4.1606   0.0056 -2592.893
 36  27   1162.8    334.2   0.0343   4.5385   0.0076   3.1196   0.0076 -2596.194
 36  28   1150.4    346.6   0.0346  13.8675   0.0025   9.7133   0.0025 -2623.410
 36  29   1167.0    330.0   0.0360   5.2525   0.0069   3.5581   0.0069 -2592.713
 36  30   1161.3    335.7   0.0353   4.1038   0.0086   2.8427   0.0086 -2594.011
 36  31   1169.1    327.9   0.0350   6.7730   0.0052   4.5326   0.0052 -2584.711
 36  32   1154.0    343.0   0.0327  10.8040   0.0030   7.5020   0.0030 -2609.256
 36  33   1154.0    343.0   0.0327  10.8040   0.0030   7.5020   0.0030 -2609.256
 36  34   1152.7    344.3   0.0346   5.7733   0.0060   4.0637   0.0060 -2619.859
 36  35   1180.8    316.2   0.0084   0.5349   0.0158   0.3588   0.0158 -2309.156
 37   1   1119.3    377.7   0.0491   4.1571   0.0118   3.2564   0.0118 -2761.075
 37   2   1133.2    363.8   0.0484   5.2901   0.0092   3.9666   0.0092 -2732.392
 37   3   1143.8    353.2   0.0471   4.2883   0.0110   3.1433   0.0110 -2710.159
 37   4   1146.0    351.0   0.0470   7.1613   0.0066   5.1455   0.0066 -2698.283
 37   5   1146.3    350.7   0.0460   5.2833   0.0087   3.8193   0.0087 -2706.863
 37   6   1147.6    349.4   0.0460   5.3373   0.0086   3.8426   0.0086 -2701.963
 37   7   1147.2    349.8   0.0488   6.0619   0.0081   4.3620   0.0081 -2708.198
 37   8   1138.6    358.4   0.0492  17.3676   0.0028  12.5868   0.0028 -2717.152
 37   9   1126.0    371.0   0.0372   8.1384   0.0046   6.1342   0.0046 -2695.704
 37  10   1153.1    343.9   0.0356   3.5171   0.0101   2.5063   0.0101 -2639.250
 37  11   1151.7    345.3   0.0384   3.6200   0.0106   2.5933   0.0106 -2653.352
 37  12   1149.7    347.3   0.0375   3.8994   0.0096   2.8000   0.0096 -2651.277
 37  13   1132.8    364.2   0.0362   4.5325   0.0080   3.3904   0.0080 -2676.134
 37  14   1143.4    353.6   0.0349   4.2292   0.0083   3.0768   0.0083 -2653.217
 37  15   1138.7    358.3   0.0388   3.9413   0.0099   2.9186   0.0099 -2671.150
 37  16   1133.3    363.7   0.0380   4.1842   0.0091   3.1359   0.0091 -2677.254
 37  17   1152.1    344.9   0.0310  31.0258   0.0010  21.5140   0.0010 -2620.400
 37  18   1152.6    344.4   0.0310  30.9808   0.0010  21.4536   0.0010 -2620.883
 37  19   1141.9    355.1   0.0331   3.5132   0.0094   2.5756   0.0094 -2643.071
 37  20   1148.7    348.3   0.0338   3.3646   0.0101   2.4264   0.0101 -2641.530
 37  21   1134.7    362.3   0.0333   3.4744   0.0096   2.5982   0.0096 -2656.684
 37  22   1165.7    331.3   0.0362   6.4087   0.0056   4.3390   0.0056 -2609.597
 37  23   1150.8    346.2   0.0347   5.0909   0.0068   3.6122   0.0068 -2629.119
 37  24   1143.9    353.1   0.0359   3.3648   0.0107   2.4631   0.0107 -2646.778
 37  25   1144.8    352.2   0.0359   3.4566   0.0104   2.5218   0.0104 -2644.139
 37  26   1149.3    347.7   0.0366   3.8875   0.0094   2.7931   0.0094 -2639.950
 37  27   1149.2    347.8   0.0347   4.7303   0.0073   3.3773   0.0073 -2636.553
 37  28   1137.8    359.2   0.0350  25.7802   0.0014  18.6364   0.0014 -2659.051
 37  29   1153.1    343.9   0.0365   3.4332   0.0106   2.4506   0.0106 -2633.226
 37  30   1147.9    349.1   0.0357  17.9851   0.0020  12.6644   0.0020 -2636.809
 37  31   1154.7    342.3   0.0356   2.8519   0.0125   2.0384   0.0125 -2623.872
 37  32   1140.5    356.5   0.0350   3.7761   0.0093   2.7780   0.0093 -2652.414
 37  33   1140.5    356.5   0.0350   3.7761   0.0093   2.7780   0.0093 -2652.414
 37  34   1139.1    357.9   0.0351   3.7114   0.0095   2.7423   0.0095 -2655.322
 37  35   1166.1    330.9   0.0261   2.7232   0.0096   1.8671   0.0096 -2563.806
 37  36   1169.6    327.4   0.0260   3.6458   0.0071   2.4529   0.0071 -2554.829
 38   1   1125.2    371.8   0.0527   9.8762   0.0053   7.4766   0.0053 -2758.076
 38   2   1141.8    355.2   0.0540   7.3140   0.0074   5.3296   0.0074 -2727.714
 38   3   1155.5    341.5   0.0457   6.7925   0.0067   4.7544   0.0067 -2672.521
 38   4   1156.1    340.9   0.0458   4.8784   0.0094   3.4388   0.0094 -2657.447
 38   5   1159.1    337.9   0.0466   4.5463   0.0103   3.1871   0.0103 -2674.315
 38   6   1160.4    336.6   0.0466   4.5884   0.0102   3.2039   0.0102 -2668.591
 38   7   1158.2    338.8   0.0474  47.3714   0.0010  32.2749   0.0010 -2668.360
 38   8   1147.2    349.8   0.0460  46.0128   0.0010  32.3565   0.0010 -2672.666
 38   9   1131.8    365.2   0.0314  15.0551   0.0021  11.0891   0.0021 -2642.716
 38  10   1167.1    329.9   0.0333   3.8475   0.0087   2.6215   0.0087 -2588.821
 38  11   1164.7    332.3   0.0352   3.3032   0.0106   2.2819   0.0106 -2600.635
 38  12   1162.7    334.3   0.0361   3.8630   0.0093   2.6721   0.0093 -2607.396
 38  13   1143.6    353.4   0.0358   4.3511   0.0082   3.1632   0.0082 -2639.308
 38  14   1156.2    340.8   0.0345   5.5818   0.0062   3.8918   0.0062 -2616.709
 38  15   1150.2    346.8   0.0365   4.8904   0.0075   3.4832   0.0075 -2626.262
 38  16   1143.0    354.0   0.0357   5.3817   0.0066   3.8997   0.0066 -2635.482
 38  17   1165.2    331.8   0.0280  28.0403   0.0010  18.7076   0.0010 -2566.458
 38  18   1166.0    331.0   0.0280  28.0213   0.0010  18.6549   0.0010 -2566.959
 38  19   1153.7    343.3   0.0291   5.8234   0.0050   4.0741   0.0050 -2592.775
 38  20   1162.3    334.7   0.0317   4.3076   0.0074   2.9628   0.0074 -2598.520
 38  21   1145.1    351.9   0.0311   4.9450   0.0063   3.5586   0.0063 -2615.413
 38  22   1179.2    317.8   0.0321   8.4375   0.0038   5.4492   0.0038 -2545.743
 38  23   1162.3    334.7   0.0298   3.4161   0.0087   2.3606   0.0087 -2563.851
 38  24   1155.0    342.0   0.0291   3.7529   0.0078   2.6399   0.0078 -2579.228
 38  25   1156.1    340.9   0.0291   4.0811   0.0071   2.8555   0.0071 -2576.869
 38  26   1160.4    336.6   0.0308   4.1933   0.0073   2.9002   0.0073 -2573.258
 38  27   1160.8    336.2   0.0326   3.2454   0.0100   2.2623   0.0100 -2582.305
 38  28   1147.2    349.8   0.0329   5.4649   0.0060   3.9061   0.0060 -2616.371
 38  29   1165.3    331.7   0.0325   3.6339   0.0089   2.4915   0.0089 -2571.628
 38  30   1159.0    338.0   0.0318   4.4283   0.0072   3.0733   0.0072 -2577.911
 38  31   1167.9    329.1   0.0315   3.9508   0.0080   2.6797   0.0080 -2563.203
 38  32   1151.8    345.2   0.0310   4.1047   0.0076   2.9115   0.0076 -2598.200
 38  33   1151.8    345.2   0.0310   4.1047   0.0076   2.9115   0.0076 -2598.200
 38  34   1150.4    346.6   0.0311   3.6187   0.0086   2.5849   0.0086 -2600.413
 38  35   1180.4    316.6   0.0214   3.5802   0.0060   2.3226   0.0060 -2498.341
 38  36   1184.1    312.9   0.0214   2.7720   0.0077   1.7888   0.0077 -2482.140
 38  37   1168.8    328.2   0.0172   1.8664   0.0092   1.2678   0.0092 -2486.184
 39   1   1117.3    379.7   0.0546   2.8074   0.0194   2.2585   0.0194 -2795.862
 39   2   1119.9    377.1   0.0562   2.7873   0.0202   2.2323   0.0202 -2789.888
 39   3   1114.7    382.3   0.0494   5.2684   0.0094   4.1470   0.0094 -2771.796
 39   4   1123.8    373.2   0.0490   5.0482   0.0097   3.8862   0.0097 -2754.477
 39   5   1112.9    384.1   0.0485   5.6086   0.0087   4.4251   0.0087 -2772.592
 39   6   1114.5    382.5   0.0485   5.4643   0.0089   4.2971   0.0089 -2768.608
 39   7   1121.2    375.8   0.0510   7.4256   0.0069   5.7072   0.0069 -2768.287
 39   8   1122.5    374.5   0.0488  12.4293   0.0039   9.4375   0.0039 -2756.696
 39   9   1123.8    373.2   0.0336   3.6405   0.0092   2.7985   0.0092 -2690.611
 39  10   1112.1    384.9   0.0310  11.6404   0.0027   9.0470   0.0027 -2685.992
 39  11   1116.8    380.2   0.0300   4.2054   0.0071   3.2714   0.0071 -2676.082
 39  12   1115.0    382.0   0.0310   5.3911   0.0058   4.1961   0.0058 -2680.780
 39  13   1109.1    387.9   0.0312   3.5939   0.0087   2.8633   0.0087 -2690.143
 39  14   1109.4    387.6   0.0293   4.6452   0.0063   3.6736   0.0063 -2680.911
 39  15   1111.0    386.0   0.0321   3.4609   0.0093   2.7484   0.0093 -2685.145
 39  16   1114.3    382.7   0.0310   3.8069   0.0081   2.9892   0.0081 -2681.721
 39  17   1117.4    379.6   0.0309   8.2164   0.0038   6.3192   0.0038 -2681.708
 39  18   1116.8    380.2   0.0310   6.7070   0.0046   5.1802   0.0046 -2683.083
 39  19   1114.3    382.7   0.0283   3.0852   0.0092   2.4295   0.0092 -2666.796
 39  20   1111.3    385.7   0.0312   3.2432   0.0096   2.5765   0.0096 -2686.881
 39  21   1111.6    385.4   0.0293   3.6130   0.0081   2.8560   0.0081 -2677.718
 39  22   1124.9    372.1   0.0271  12.9284   0.0021   9.7009   0.0021 -2642.195
 39  23   1121.4    375.6   0.0299   7.7014   0.0039   5.8639   0.0039 -2661.573
 39  24   1117.3    379.7   0.0300   4.6296   0.0065   3.5900   0.0065 -2669.418
 39  25   1117.1    379.9   0.0300   3.8460   0.0078   2.9955   0.0078 -2666.755
 39  26   1122.1    374.9   0.0327   4.3158   0.0076   3.3160   0.0076 -2673.704
 39  27   1119.7    377.3   0.0300   4.7768   0.0063   3.6795   0.0063 -2667.950
 39  28   1119.4    377.6   0.0327   5.0744   0.0064   3.9132   0.0064 -2687.429
 39  29   1120.3    376.7   0.0346   5.8031   0.0060   4.4584   0.0060 -2686.786
 39  30   1120.3    376.7   0.0337   5.4561   0.0062   4.1944   0.0062 -2680.845
 39  31   1117.9    379.1   0.0319   8.2831   0.0038   6.3642   0.0038 -2675.505
 39  32   1113.8    383.2   0.0311   5.6548   0.0055   4.4115   0.0055 -2684.004
 39  33   1113.8    383.2   0.0311   5.6548   0.0055   4.4115   0.0055 -2684.004
 39  34   1111.9    385.1   0.0311   6.3220   0.0049   4.9488   0.0049 -2687.104
 39  35   1123.3    373.7   0.0207   3.9607   0.0052   3.0127   0.0052 -2613.505
 39  36   1125.8    371.2   0.0243   5.0192   0.0048   3.7882   0.0048 -2631.969
 39  37   1115.3    381.7   0.0263   3.0245   0.0087   2.3724   0.0087 -2657.441
 39  38   1120.6    376.4   0.0216   5.0012   0.0043   3.8208   0.0043 -2619.623
 40   1   1127.3    369.7   0.0518   4.3527   0.0119   3.3420   0.0119 -2752.413
 40   2   1140.4    356.6   0.0510   4.4042   0.0116   3.2638   0.0116 -2718.728
 40   3   1149.0    348.0   0.0479   3.5185   0.0136   2.5643   0.0136 -2686.543
 40   4   1153.3    343.7   0.0477   3.5215   0.0135   2.5357   0.0135 -2668.553
 40   5   1149.9    347.1   0.0469   5.7434   0.0082   4.1026   0.0082 -2687.982
 40   6   1151.7    345.3   0.0468   5.8281   0.0080   4.1410   0.0080 -2681.898
 40   7   1153.5    343.5   0.0496   4.1233   0.0120   2.9529   0.0120 -2679.694
 40   8   1146.9    350.1   0.0479   4.0079   0.0119   2.9216   0.0119 -2681.570
 40   9   1135.1    361.9   0.0351   4.0561   0.0087   3.0215   0.0087 -2654.228
 40  10   1156.6    340.4   0.0353   4.0430   0.0087   2.8402   0.0087 -2613.637
 40  11   1156.1    340.9   0.0326   2.3407   0.0139   1.6745   0.0139 -2593.994
 40  12   1154.1    342.9   0.0336   3.7936   0.0089   2.6842   0.0089 -2605.804
 40  13   1138.1    358.9   0.0359   5.2126   0.0069   3.8308   0.0069 -2649.891
 40  14   1147.5    349.5   0.0338   5.8210   0.0058   4.1547   0.0058 -2625.469
 40  15   1144.3    352.7   0.0367   3.0989   0.0118   2.2744   0.0118 -2633.512
 40  16   1140.3    356.7   0.0358   3.6354   0.0098   2.6805   0.0098 -2638.271
 40  17   1156.3    340.7   0.0308   5.6407   0.0055   3.9228   0.0055 -2591.319
 40  18   1156.4    340.6   0.0308   6.0381   0.0051   4.1923   0.0051 -2592.602
 40  19   1147.0    350.0   0.0311   3.6292   0.0086   2.6168   0.0086 -2607.247
 40  20   1151.8    345.2   0.0318   3.5532   0.0090   2.5315   0.0090 -2610.148
 40  21   1141.1    355.9   0.0303   3.8754   0.0078   2.8330   0.0078 -2616.042
 40  22   1171.1    325.9   0.0333   4.5325   0.0073   3.0379   0.0073 -2560.067
 40  23   1157.6    339.4   0.0308   2.4428   0.0126   1.7329   0.0126 -2569.152
 40  24   1150.8    346.2   0.0301   6.1104   0.0049   4.3086   0.0049 -2591.486
 40  25   1151.5    345.5   0.0302  30.1620   0.0010  20.9506   0.0010 -2589.115
 40  26   1156.2    340.8   0.0354   3.8885   0.0091   2.7376   0.0091 -2601.032
 40  27   1155.3    341.7   0.0336   4.9819   0.0067   3.4894   0.0067 -2600.403
 40  28   1145.4    351.6   0.0338   4.2122   0.0080   3.0459   0.0080 -2622.081
 40  29   1159.1    337.9   0.0353   4.0540   0.0087   2.8274   0.0087 -2597.030
 40  30   1154.9    342.1   0.0346   7.6668   0.0045   5.3366   0.0045 -2599.071
 40  31   1159.8    337.2   0.0344   4.5263   0.0076   3.1384   0.0076 -2588.949
 40  32   1146.3    350.7   0.0320   4.1124   0.0078   2.9635   0.0078 -2610.941
 40  33   1146.3    350.7   0.0320   4.1124   0.0078   2.9636   0.0078 -2610.941
 40  34   1144.7    352.3   0.0339   4.5657   0.0074   3.3009   0.0074 -2623.354
 40  35   1169.9    327.1   0.0216   2.5808   0.0084   1.7422   0.0084 -2508.559
 40  36   1173.5    323.5   0.0197   2.9249   0.0067   1.9427   0.0067 -2493.873
 40  37   1159.9    337.1   0.0155   1.9023   0.0081   1.3212   0.0081 -2495.093
 40  38   1172.3    324.7   0.0206   2.2897   0.0090   1.5385   0.0090 -2491.984
 40  39   1123.9    373.1   0.0170   3.9182   0.0043   2.9679   0.0043 -2587.130
 41   1   1118.4    378.6   0.0550   7.8565   0.0070   6.0849   0.0070 -2787.946
 41   2   1132.5    364.5   0.0544   5.3548   0.0102   4.0348   0.0102 -2754.972
 41   3   1143.8    353.2   0.0490  29.4650   0.0017  20.9711   0.0017 -2716.220
 41   4   1145.5    351.5   0.0490  49.0131   0.0010  34.6420   0.0010 -2703.751
 41   5   1146.5    350.5   0.0480  14.9062   0.0032  10.5794   0.0032 -2712.295
 41   6   1147.8    349.2   0.0479  15.9012   0.0030  11.2366   0.0030 -2707.466
 41   7   1146.9    350.1   0.0508  17.3760   0.0029  12.3096   0.0029 -2712.995
 41   8   1137.8    359.2   0.0493   6.6526   0.0074   4.9014   0.0074 -2715.219
 41   9   1124.9    372.1   0.0355   3.7341   0.0095   2.8645   0.0095 -2678.518
 41  10   1153.4    343.6   0.0347   4.4355   0.0078   3.1341   0.0078 -2630.011
 41  11   1151.9    345.1   0.0355   6.2348   0.0057   4.3944   0.0057 -2639.082
 41  12   1149.9    347.1   0.0365   4.5392   0.0080   3.2420   0.0080 -2641.901
 41  13   1132.6    364.4   0.0381   3.9345   0.0097   2.9596   0.0097 -2676.474
 41  14   1143.6    353.4   0.0367   6.5253   0.0056   4.7058   0.0056 -2657.900
 41  15   1138.5    358.5   0.0388   6.7607   0.0057   4.9455   0.0057 -2667.659
 41  16   1132.7    364.3   0.0380   7.3606   0.0052   5.4592   0.0052 -2674.105
 41  17   1152.3    344.7   0.0319   2.8507   0.0112   2.0428   0.0112 -2612.561
 41  18   1152.8    344.2   0.0318   3.0980   0.0103   2.2104   0.0103 -2614.111
 41  19   1141.9    355.1   0.0313   3.1850   0.0098   2.3384   0.0098 -2628.195
 41  20   1149.0    348.0   0.0320   3.9279   0.0081   2.8127   0.0081 -2628.365
 41  21   1134.3    362.7   0.0306   3.6771   0.0083   2.7421   0.0083 -2637.478
 41  22   1165.7    331.3   0.0353   7.7665   0.0045   5.2391   0.0045 -2600.814
 41  23   1150.4    346.6   0.0329   2.6712   0.0123   1.9315   0.0123 -2607.358
 41  24   1143.4    353.6   0.0322   3.1548   0.0102   2.3092   0.0102 -2624.472
 41  25   1144.4    352.6   0.0322   4.2702   0.0075   3.0911   0.0075 -2624.129
 41  26   1148.8    348.2   0.0376   3.8317   0.0098   2.7599   0.0098 -2638.274
 41  27   1148.9    348.1   0.0358   2.9806   0.0120   2.1616   0.0120 -2630.142
 41  28   1137.1    359.9   0.0360   3.9187   0.0092   2.9084   0.0092 -2656.664
 41  29   1152.9    344.1   0.0375   3.6396   0.0103   2.5965   0.0103 -2630.857
 41  30   1147.5    349.5   0.0367   3.3157   0.0111   2.4069   0.0111 -2632.804
 41  31   1154.7    342.3   0.0347   3.5859   0.0097   2.5397   0.0097 -2614.106
 41  32   1140.2    356.8   0.0341   3.2412   0.0105   2.3956   0.0105 -2640.988
 41  33   1140.2    356.8   0.0341   3.2412   0.0105   2.3956   0.0105 -2640.988
 41  34   1138.8    358.2   0.0360   3.6640   0.0098   2.7121   0.0098 -2653.632
 41  35   1166.3    330.7   0.0218   7.0310   0.0031   4.7098   0.0031 -2541.700
 41  36   1169.9    327.1   0.0199   4.1193   0.0048   2.7471   0.0048 -2520.816
 41  37   1155.4    341.6   0.0200   2.3499   0.0085   1.6550   0.0085 -2545.957
 41  38   1169.3    327.7   0.0207   2.6196   0.0079   1.7687   0.0079 -2517.369
 41  39   1114.1    382.9   0.0199   3.9409   0.0051   3.0687   0.0051 -2624.834
 41  40   1159.4    337.6   0.0129   2.5113   0.0051   1.7292   0.0051 -2484.631

