Supplemental results for CODEML (seqf: atp6.pal2nal  treef: )


pairwise comparison (Goldman & Yang 1994)
seq seq        N       S       dN       dS     dN/dS   Paras.
  2   1    489.2    167.8   0.0463   1.4466   0.0320   1.2121   0.0320 -1141.240
  3   1    489.2    167.8   0.0463   1.4299   0.0324   1.1989   0.0324 -1141.081
  3   2    494.9    162.1   0.0000   0.0062   0.0010   0.0046   0.0010  -821.044
  4   1    487.8    169.2   0.0353   1.4601   0.0242   1.2064   0.0242 -1115.541
  4   2    492.2    164.8   0.0259   0.5653   0.0458   0.4836   0.0458 -1068.173
  4   3    492.3    164.7   0.0259   0.5518   0.0469   0.4732   0.0469 -1067.278
  5   1    482.9    174.1   0.0398   1.3550   0.0294   1.1647   0.0294 -1133.589
  5   2    488.0    169.0   0.0192   0.4017   0.0479   0.3528   0.0479 -1038.601
  5   3    488.2    168.8   0.0192   0.4138   0.0465   0.3618   0.0465 -1039.597
  5   4    485.8    171.2   0.0197   0.3695   0.0533   0.3325   0.0533 -1033.103
  6   1    483.6    173.4   0.0328  19.7160   0.0017  15.6830   0.0017 -1122.880
  6   2    489.2    167.8   0.0213   1.1071   0.0192   0.8957   0.0192 -1087.751
  6   3    489.4    167.6   0.0213   1.0898   0.0195   0.8815   0.0195 -1087.300
  6   4    486.7    170.3   0.0217   0.7772   0.0279   0.6524   0.0279 -1071.317
  6   5    482.4    174.6   0.0194   0.9282   0.0209   0.7826   0.0209 -1084.486
  7   1    474.6    182.4   0.0551  29.8035   0.0019  24.9489   0.0019 -1179.969
  7   2    477.5    179.5   0.0501  26.6593   0.0019  21.9566   0.0019 -1181.762
  7   3    477.5    179.5   0.0501  26.6415   0.0019  21.9452   0.0019 -1181.794
  7   4    476.3    180.7   0.0431  22.4021   0.0019  18.5825   0.0019 -1158.811
  7   5    471.6    185.4   0.0435  13.4097   0.0032  11.4446   0.0032 -1171.309
  7   6    471.8    185.2   0.0343  34.3086   0.0010  29.0894   0.0010 -1146.276
  8   1    478.6    178.4   0.0472   6.3812   0.0074   5.3012   0.0074 -1166.211
  8   2    482.4    174.6   0.0353  28.5039   0.0012  22.8071   0.0012 -1155.133
  8   3    482.4    174.6   0.0353  28.6911   0.0012  22.9513   0.0012 -1155.087
  8   4    480.7    176.3   0.0290  29.0078   0.0010  23.4163   0.0010 -1132.635
  8   5    476.3    180.7   0.0288  24.8186   0.0012  20.5443   0.0012 -1145.275
  8   6    476.7    180.3   0.0246  24.6126   0.0010  20.3162   0.0010 -1127.526
  8   7    469.0    188.0   0.0223   0.5650   0.0396   0.5329   0.0396 -1103.854
  9   1    494.7    162.3   0.1800   5.7144   0.0315   4.6403   0.0315 -1308.637
  9   2    501.1    155.9   0.1703   3.2926   0.0517   2.7334   0.0517 -1300.266
  9   3    501.4    155.6   0.1703   3.2909   0.0517   2.7283   0.0517 -1299.852
  9   4    498.1    158.9   0.1657   5.5360   0.0299   4.3937   0.0299 -1293.218
  9   5    494.4    162.6   0.1803   7.9030   0.0228   6.2753   0.0228 -1320.171
  9   6    495.8    161.2   0.1625  67.4176   0.0024  50.0000   0.0024 -1298.659
  9   7    482.9    174.1   0.1765  21.3078   0.0083  17.3314   0.0083 -1330.065
  9   8    488.0    169.0   0.1663  25.3635   0.0066  19.9477   0.0066 -1320.193
 10   1    499.5    157.5   0.1603   5.7476   0.0279   4.4991   0.0279 -1285.888
 10   2    506.5    150.5   0.1535   5.9321   0.0259   4.4305   0.0259 -1282.565
 10   3    506.9    150.1   0.1535   5.9280   0.0259   4.4187   0.0259 -1282.106
 10   4    503.1    153.9   0.1529   4.2620   0.0359   3.3457   0.0359 -1273.145
 10   5    499.7    157.3   0.1640   7.1575   0.0229   5.5157   0.0229 -1299.725
 10   6    501.3    155.7   0.1529  69.8455   0.0022  50.0000   0.0022 -1280.823
 10   7    487.1    169.9   0.1623  15.9753   0.0102  12.7552   0.0102 -1314.747
 10   8    492.5    164.5   0.1543   8.9232   0.0173   7.0490   0.0173 -1305.596
 10   9    513.3    143.7   0.0326   0.5079   0.0642   0.4096   0.0642 -1042.401
 11   1    493.0    164.0   0.1731  39.0976   0.0044  29.6657   0.0044 -1312.461
 11   2    500.5    156.5   0.1725  13.3367   0.0129   9.9267   0.0129 -1311.058
 11   3    500.9    156.1   0.1723  13.3029   0.0130   9.8793   0.0130 -1310.520
 11   4    496.5    160.5   0.1588  67.7471   0.0023  50.0000   0.0023 -1296.788
 11   5    493.3    163.7   0.1718  15.2666   0.0113  11.7961   0.0113 -1318.370
 11   6    495.1    161.9   0.1577  35.6008   0.0044  26.6775   0.0044 -1297.498
 11   7    480.0    177.0   0.1726  11.0335   0.0156   9.2963   0.0156 -1333.482
 11   8    485.8    171.2   0.1714  12.6077   0.0136  10.2341   0.0136 -1330.933
 11   9    507.8    149.2   0.0878   2.4512   0.0358   1.8736   0.0358 -1200.164
 11  10    514.1    142.9   0.0710   2.0246   0.0350   1.4879   0.0350 -1161.993
 12   1    494.5    162.5   0.1610  66.9021   0.0024  50.0000   0.0024 -1278.720
 12   2    499.8    157.2   0.1569  69.1478   0.0023  50.0000   0.0023 -1283.124
 12   3    500.0    157.0   0.1568  69.2250   0.0023  50.0000   0.0023 -1282.876
 12   4    498.1    158.9   0.1511  68.4256   0.0022  50.0000   0.0022 -1268.154
 12   5    493.2    163.8   0.1568  66.3888   0.0024  50.0000   0.0024 -1286.464
 12   6    494.4    162.6   0.1425   7.5596   0.0188   5.9337   0.0188 -1264.102
 12   7    482.2    174.8   0.1587   6.7412   0.0235   5.7292   0.0235 -1298.905
 12   8    487.1    169.9   0.1526  64.0037   0.0024  50.0000   0.0024 -1294.380
 12   9    505.8    151.2   0.0795  10.7974   0.0074   7.6362   0.0074 -1184.504
 12  10    511.2    145.8   0.0751   2.0779   0.0362   1.5585   0.0362 -1161.747
 12  11    505.3    151.7   0.0591   1.5526   0.0381   1.2118   0.0381 -1148.729
 13   1    494.1    162.9   0.1747  66.6827   0.0026  50.0000   0.0026 -1303.252
 13   2    499.6    157.4   0.1723  69.0215   0.0025  50.0000   0.0025 -1306.984
 13   3    499.8    157.2   0.1732  69.1188   0.0025  50.0000   0.0025 -1306.654
 13   4    497.5    159.5   0.1671  68.1278   0.0025  50.0000   0.0025 -1293.335
 13   5    492.9    164.1   0.1734  66.2062   0.0026  50.0000   0.0026 -1311.744
 13   6    494.3    162.7   0.1606  11.7150   0.0137   9.0681   0.0137 -1290.884
 13   7    481.1    175.9   0.1742  38.4873   0.0045  31.2878   0.0045 -1325.331
 13   8    486.4    170.6   0.1724  18.5654   0.0093  14.8471   0.0093 -1322.058
 13   9    506.2    150.8   0.0700   2.8971   0.0242   2.1566   0.0242 -1176.976
 13  10    511.9    145.1   0.0582   2.3920   0.0243   1.7212   0.0243 -1144.540
 13  11    505.8    151.2   0.0467   4.1366   0.0113   2.9634   0.0113 -1141.572
 13  12    505.8    151.2   0.0430   3.4666   0.0124   2.4924   0.0124 -1119.304
 14   1    496.9    160.1   0.1682  67.8627   0.0025  50.0000   0.0025 -1285.716
 14   2    501.4    155.6   0.1598  10.0999   0.0158   7.5420   0.0158 -1282.814
 14   3    501.5    155.5   0.1598  10.0370   0.0159   7.4913   0.0159 -1282.619
 14   4    500.2    156.8   0.1608  69.3417   0.0023  50.0000   0.0023 -1273.900
 14   5    495.1    161.9   0.1644  67.1194   0.0024  50.0000   0.0024 -1293.913
 14   6    496.1    160.9   0.1512  67.6072   0.0022  50.0000   0.0022 -1272.408
 14   7    484.6    172.4   0.1710  26.5517   0.0064  21.2813   0.0064 -1312.015
 14   8    489.3    167.7   0.1631   9.4296   0.0173   7.5869   0.0173 -1304.275
 14   9    507.3    149.7   0.0630   2.8904   0.0218   2.1222   0.0218 -1148.651
 14  10    512.4    144.6   0.0562   2.0666   0.0272   1.4958   0.0272 -1118.738
 14  11    506.1    150.9   0.0524   2.2194   0.0236   1.6503   0.0236 -1138.155
 14  12    507.7    149.3   0.0517  34.8437   0.0015  23.8757   0.0015 -1121.755
 14  13    507.3    149.7   0.0315   9.0114   0.0035   6.2331   0.0035 -1094.156
 15   1    475.4    181.6   0.1849  59.8137   0.0031  50.0000   0.0031 -1339.416
 15   2    477.3    179.7   0.1913  60.4107   0.0032  50.0000   0.0032 -1354.998
 15   3    477.1    179.9   0.1913  60.3704   0.0032  50.0000   0.0032 -1355.138
 15   4    476.8    180.2   0.1892  60.2698   0.0031  50.0000   0.0031 -1341.880
 15   5    471.7    185.3   0.2009  58.5895   0.0034  50.0000   0.0034 -1360.898
 15   6    471.6    185.4   0.1900  58.5779   0.0032  50.0000   0.0032 -1346.417
 15   7    467.0    190.0   0.2089  57.1061   0.0037  50.0000   0.0037 -1368.834
 15   8    469.9    187.1   0.1976  58.0393   0.0034  50.0000   0.0034 -1364.393
 15   9    482.1    174.9   0.1141   4.7609   0.0240   4.0539   0.0240 -1272.448
 15  10    485.8    171.2   0.0924   8.0167   0.0115   6.4726   0.0115 -1244.212
 15  11    478.3    178.7   0.1100  60.9806   0.0018  50.0000   0.0018 -1276.215
 15  12    482.2    174.8   0.1086   6.5157   0.0167   5.4392   0.0167 -1253.963
 15  13    480.7    176.3   0.1014  61.8331   0.0016  50.0000   0.0016 -1257.806
 15  14    484.9    172.1   0.1116  19.6398   0.0057  15.6788   0.0057 -1256.649
 16   1    485.5    171.5   0.1591  63.4070   0.0025  50.0000   0.0025 -1298.550
 16   2    486.0    171.0   0.1650  63.5678   0.0026  50.0000   0.0026 -1316.002
 16   3    485.8    171.2   0.1650  63.4846   0.0026  50.0000   0.0026 -1316.271
 16   4    486.8    170.2   0.1565  63.8857   0.0024  50.0000   0.0024 -1296.680
 16   5    481.0    176.0   0.1705  61.7477   0.0028  50.0000   0.0028 -1320.101
 16   6    480.6    176.4   0.1577  61.6302   0.0026  50.0000   0.0026 -1301.353
 16   7    477.4    179.6   0.1697  41.3303   0.0041  34.2724   0.0041 -1321.421
 16   8    479.9    177.1   0.1646  61.3773   0.0027  50.0000   0.0027 -1321.396
 16   9    490.0    167.0   0.0790   3.1985   0.0247   2.6154   0.0247 -1208.460
 16  10    493.1    163.9   0.0664   3.7175   0.0179   2.9313   0.0179 -1185.338
 16  11    485.2    171.8   0.0806  12.8327   0.0063  10.2451   0.0063 -1218.023
 16  12    491.5    165.5   0.0819   1.8077   0.0453   1.5503   0.0453 -1192.146
 16  13    489.4    167.6   0.0674  26.7395   0.0025  20.6107   0.0025 -1184.747
 16  14    494.5    162.5   0.0689  28.0344   0.0025  20.9550   0.0025 -1170.761
 16  15    480.2    176.8   0.0808   8.3687   0.0097   6.9326   0.0097 -1229.285
 17   1    493.0    164.0   0.1991  66.1626   0.0030  50.0000   0.0030 -1322.400
 17   2    498.8    158.2   0.2008  22.9476   0.0088  17.0297   0.0088 -1328.564
 17   3    499.1    157.9   0.2007  22.7285   0.0088  16.8494   0.0088 -1328.273
 17   4    496.5    160.5   0.2020  13.8972   0.0145  10.6427   0.0145 -1319.691
 17   5    492.1    164.9   0.1986   8.5643   0.0232   6.8941   0.0232 -1329.868
 17   6    493.4    163.6   0.1849  66.3761   0.0028  50.0000   0.0028 -1314.268
 17   7    481.0    176.0   0.2081   8.5864   0.0242   7.3579   0.0242 -1348.723
 17   8    485.9    171.1   0.1933  10.8625   0.0178   8.9144   0.0178 -1339.756
 17   9    505.1    151.9   0.1013   5.0156   0.0202   3.7119   0.0202 -1207.360
 17  10    510.7    146.3   0.0926   6.5714   0.0141   4.6066   0.0141 -1186.412
 17  11    504.9    152.1   0.1106  71.6390   0.0015  50.0000   0.0015 -1227.313
 17  12    504.1    152.9   0.0925  71.3323   0.0013  50.0000   0.0013 -1189.848
 17  13    504.4    152.6   0.0979  71.4490   0.0014  50.0000   0.0014 -1202.040
 17  14    506.0    151.0   0.0937   5.8464   0.0160   4.2480   0.0160 -1180.879
 17  15    480.7    176.3   0.1073  61.8072   0.0017  50.0000   0.0017 -1250.335
 17  16    489.5    167.5   0.1003  65.0776   0.0015  50.0000   0.0015 -1218.202
 18   1    482.4    174.6   0.1895   3.2744   0.0579   3.0280   0.0579 -1315.705
 18   2    486.5    170.5   0.1947   7.6717   0.0254   6.4052   0.0254 -1333.647
 18   3    486.6    170.4   0.1947   7.6611   0.0254   6.3945   0.0254 -1333.553
 18   4    485.1    171.9   0.1800  12.5082   0.0144  10.2144   0.0144 -1312.811
 18   5    480.2    176.8   0.1910   6.7084   0.0285   5.8346   0.0285 -1332.046
 18   6    480.9    176.1   0.1773  61.6971   0.0029  50.0000   0.0029 -1314.204
 18   7    471.5    185.5   0.1856  26.5313   0.0070  22.8769   0.0070 -1336.346
 18   8    475.7    181.3   0.1771  20.5403   0.0086  17.3903   0.0086 -1332.319
 18   9    492.2    164.8   0.0980   3.8102   0.0257   3.0866   0.0257 -1228.868
 18  10    497.1    159.9   0.0777   3.7492   0.0207   2.9134   0.0207 -1194.273
 18  11    490.5    166.5   0.0937  65.4754   0.0014  50.0000   0.0014 -1232.037
 18  12    492.0    165.0   0.0835  66.1280   0.0013  50.0000   0.0013 -1196.536
 18  13    491.5    165.5   0.0874  65.8982   0.0013  50.0000   0.0013 -1211.603
 18  14    494.3    162.7   0.0858   3.4901   0.0246   2.7870   0.0246 -1193.130
 18  15    472.3    184.7   0.0772  59.0784   0.0013  50.0000   0.0013 -1220.165
 18  16    482.3    174.7   0.0860  62.4419   0.0014  50.0000   0.0014 -1217.856
 18  17    490.5    166.5   0.0848   4.6129   0.0184   3.6962   0.0184 -1193.221
 19   1    485.6    171.4   0.1931  63.3441   0.0030  50.0000   0.0030 -1337.516
 19   2    490.9    166.1   0.1896  65.3719   0.0029  50.0000   0.0029 -1340.698
 19   3    491.1    165.9   0.1896  65.4486   0.0029  50.0000   0.0029 -1340.447
 19   4    488.5    168.5   0.1759  64.4777   0.0027  50.0000   0.0027 -1319.822
 19   5    484.3    172.7   0.1892  62.8916   0.0030  50.0000   0.0030 -1344.616
 19   6    485.5    171.5   0.1722  63.3432   0.0027  50.0000   0.0027 -1321.367
 19   7    474.0    183.0   0.1932  19.4914   0.0099  16.7059   0.0099 -1355.365
 19   8    478.8    178.2   0.1784   5.1942   0.0343   4.6164   0.0343 -1341.799
 19   9    497.3    159.7   0.0806  14.3009   0.0056  10.6109   0.0056 -1207.759
 19  10    502.7    154.3   0.0724  11.1443   0.0065   8.0172   0.0065 -1187.822
 19  11    496.4    160.6   0.0709  42.1035   0.0017  31.0314   0.0017 -1199.754
 19  12    496.0    161.0   0.0781  20.8596   0.0037  15.5123   0.0037 -1197.639
 19  13    495.7    161.3   0.0644   8.0527   0.0080   6.0769   0.0080 -1182.449
 19  14    497.6    159.4   0.0723   3.8158   0.0189   2.9417   0.0189 -1180.161
 19  15    473.9    183.1   0.0827   4.9152   0.0168   4.2893   0.0168 -1242.011
 19  16    482.6    174.4   0.0682  28.5570   0.0024  22.8888   0.0024 -1200.589
 19  17    495.1    161.9   0.0690   1.7568   0.0393   1.4546   0.0393 -1177.933
 19  18    482.8    174.2   0.0559  28.5673   0.0020  22.8473   0.0020 -1181.817
 20   1    502.0    155.0   0.1766   4.1678   0.0424   3.3540   0.0424 -1294.855
 20   2    508.1    148.9   0.1768   6.1682   0.0287   4.6047   0.0287 -1300.084
 20   3    508.3    148.7   0.1767   6.1946   0.0285   4.6158   0.0285 -1299.734
 20   4    505.7    151.3   0.1690  11.6773   0.0145   8.4574   0.0145 -1286.353
 20   5    501.5    155.5   0.1791   4.8939   0.0366   3.8843   0.0366 -1309.756
 20   6    502.9    154.1   0.1612  70.5506   0.0023  50.0000   0.0023 -1288.077
 20   7    489.9    167.1   0.1793  26.4237   0.0068  20.5626   0.0068 -1328.348
 20   8    494.9    162.1   0.1680  16.8123   0.0100  12.8261   0.0100 -1316.216
 20   9    514.3    142.7   0.0738   4.0107   0.0184   2.7876   0.0184 -1166.010
 20  10    519.8    137.2   0.0587   3.7448   0.0157   2.4854   0.0157 -1125.924
 20  11    514.4    142.6   0.0863  76.4723   0.0011  50.0000   0.0011 -1188.922
 20  12    513.3    143.7   0.0722  72.1919   0.0010  47.5303   0.0010 -1155.269
 20  13    513.8    143.2   0.0703   7.3767   0.0095   4.9894   0.0095 -1159.069
 20  14    515.0    142.0   0.0703   5.1821   0.0136   3.5257   0.0136 -1140.417
 20  15    489.3    167.7   0.0804   2.3399   0.0343   1.9718   0.0343 -1216.814
 20  16    497.6    159.4   0.0664  26.1623   0.0025  19.1928   0.0025 -1176.618
 20  17    512.2    144.8   0.0442   2.2857   0.0193   1.6144   0.0193 -1103.260
 20  18    499.7    157.3   0.0517   2.7502   0.0188   2.0932   0.0188 -1143.026
 20  19    504.3    152.7   0.0400   1.5520   0.0258   1.1740   0.0258 -1125.912
 21   1    494.9    162.1   0.1808  67.0018   0.0027  50.0000   0.0027 -1303.279
 21   2    495.9    161.1   0.1844  67.4059   0.0027  50.0000   0.0027 -1315.138
 21   3    495.7    161.3   0.1845  67.3370   0.0027  50.0000   0.0027 -1315.355
 21   4    496.9    160.1   0.1793  29.3686   0.0061  21.8756   0.0061 -1299.122
 21   5    490.8    166.2   0.1870  48.7088   0.0038  37.3898   0.0038 -1321.004
 21   6    490.7    166.3   0.1714  65.3431   0.0026  50.0000   0.0026 -1300.250
 21   7    485.4    171.6   0.1862  14.9004   0.0125  12.0895   0.0125 -1326.965
 21   8    488.3    168.7   0.1745  22.1704   0.0079  17.4656   0.0079 -1320.163
 21   9    500.1    156.9   0.0749  13.8892   0.0054  10.1199   0.0054 -1184.493
 21  10    503.6    153.4   0.0675  18.8254   0.0036  13.3425   0.0036 -1163.440
 21  11    496.1    160.9   0.0864  67.7728   0.0013  50.0000   0.0013 -1209.087
 21  12    502.3    154.7   0.0753   6.6909   0.0112   4.8996   0.0112 -1170.220
 21  13    500.6    156.4   0.0693  69.3498   0.0010  49.7000   0.0010 -1170.516
 21  14    505.2    151.8   0.0710   5.2199   0.0136   3.7809   0.0136 -1155.516
 21  15    487.8    169.2   0.0773   3.1353   0.0246   2.5946   0.0246 -1213.285
 21  16    499.4    157.6   0.0613  61.2665   0.0010  44.2213   0.0010 -1160.441
 21  17    500.0    157.0   0.0569  56.8830   0.0010  40.9129   0.0010 -1142.632
 21  18    492.0    165.0   0.0547   3.1459   0.0174   2.4939   0.0174 -1158.609
 21  19    492.5    164.5   0.0345   1.8333   0.0188   1.4548   0.0188 -1124.305
 21  20    508.1    148.9   0.0226   1.5286   0.0148   1.0920   0.0148 -1070.305
 22   1    488.9    168.1   0.1816  14.5379   0.0125  11.5617   0.0125 -1312.003
 22   2    491.9    165.1   0.1854  12.4599   0.0149   9.8106   0.0149 -1322.283
 22   3    491.9    165.1   0.1854  12.3405   0.0150   9.7216   0.0150 -1322.298
 22   4    491.3    165.7   0.1828  18.3594   0.0100  14.2984   0.0100 -1310.405
 22   5    486.0    171.0   0.1880  12.4666   0.0151  10.1499   0.0151 -1327.272
 22   6    486.4    170.6   0.1785   7.9878   0.0223   6.6178   0.0223 -1309.920
 22   7    478.7    178.3   0.1903  11.7876   0.0161  10.0120   0.0161 -1336.376
 22   8    482.4    174.6   0.1819   6.5500   0.0278   5.6222   0.0278 -1331.537
 22   9    497.0    160.0   0.0733  15.5520   0.0047  11.5254   0.0047 -1188.381
 22  10    501.4    155.6   0.0607  15.0122   0.0040  10.8085   0.0040 -1159.573
 22  11    494.4    162.6   0.0848  67.0889   0.0013  50.0000   0.0013 -1210.603
 22  12    497.6    159.4   0.0790  13.3715   0.0059   9.9137   0.0059 -1182.345
 22  13    496.6    160.4   0.0675   8.2032   0.0082   6.1626   0.0082 -1171.785
 22  14    500.1    156.9   0.0720   5.8500   0.0123   4.3563   0.0123 -1164.189
 22  15    480.1    176.9   0.0862  61.6807   0.0014  50.0000   0.0014 -1232.642
 22  16    490.7    166.3   0.0577   5.2021   0.0111   4.0794   0.0111 -1164.424
 22  17    495.8    161.2   0.0647  64.6907   0.0010  47.7504   0.0010 -1159.380
 22  18    486.1    170.9   0.0629   4.8231   0.0130   3.9036   0.0130 -1175.805
 22  19    488.3    168.7   0.0511   1.4957   0.0342   1.2659   0.0342 -1156.520
 22  20    504.6    152.4   0.0269   0.9946   0.0271   0.7543   0.0271 -1074.157
 22  21    499.8    157.2   0.0295   1.1637   0.0253   0.9026   0.0253 -1084.923
 23   1    491.4    165.6   0.1859  65.5788   0.0028  50.0000   0.0028 -1310.298
 23   2    494.0    163.0   0.1856   4.6190   0.0402   3.8559   0.0402 -1315.754
 23   3    494.0    163.0   0.1856   4.6098   0.0403   3.8497   0.0403 -1315.786
 23   4    494.0    163.0   0.1850  11.2852   0.0164   8.8183   0.0164 -1305.943
 23   5    488.3    168.7   0.1881   3.8809   0.0485   3.4094   0.0485 -1320.271
 23   6    488.7    168.3   0.1758  64.5573   0.0027  50.0000   0.0027 -1305.605
 23   7    480.7    176.3   0.1919  17.2518   0.0111  14.3117   0.0111 -1334.826
 23   8    484.4    172.6   0.1799  13.3362   0.0135  10.9089   0.0135 -1327.104
 23   9    499.2    157.8   0.0769   2.2174   0.0347   1.7735   0.0347 -1185.449
 23  10    503.4    153.6   0.0644   2.0322   0.0317   1.5729   0.0317 -1155.053
 23  11    496.4    160.6   0.0812  32.2604   0.0025  23.8437   0.0025 -1201.456
 23  12    500.4    156.6   0.0706  30.2002   0.0023  21.7533   0.0023 -1166.138
 23  13    499.2    157.8   0.0645  28.0320   0.0023  20.3413   0.0023 -1164.343
 23  14    503.0    154.0   0.0695   2.8774   0.0242   2.1835   0.0242 -1149.476
 23  15    482.1    174.9   0.0735   2.6093   0.0282   2.2454   0.0282 -1210.247
 23  16    493.0    164.0   0.0692  26.1543   0.0026  19.7367   0.0026 -1179.474
 23  17    498.4    158.6   0.0522   2.7758   0.0188   2.1293   0.0188 -1135.029
 23  18    488.6    168.4   0.0528   3.3384   0.0158   2.6847   0.0158 -1153.952
 23  19    490.5    166.5   0.0322   1.4871   0.0217   1.2030   0.0217 -1120.744
 23  20    507.0    150.0   0.0289   1.4393   0.0201   1.0526   0.0201 -1080.955
 23  21    502.5    154.5   0.0144   0.8054   0.0179   0.6012   0.0179 -1036.482
 23  22    495.6    161.4   0.0300   1.3040   0.0230   1.0288   0.0230 -1095.737
 24   1    490.9    166.1   0.1858  65.3936   0.0028  50.0000   0.0028 -1315.889
 24   2    493.3    163.7   0.1844   5.3282   0.0346   4.3972   0.0346 -1322.357
 24   3    493.3    163.7   0.1844   5.3021   0.0348   4.3789   0.0348 -1322.415
 24   4    493.3    163.7   0.1845   9.8103   0.0188   7.7490   0.0188 -1312.463
 24   5    487.7    169.3   0.1863   6.8330   0.0273   5.6974   0.0273 -1327.704
 24   6    488.0    169.0   0.1757  64.2931   0.0027  50.0000   0.0027 -1311.680
 24   7    480.6    176.4   0.1914  14.0869   0.0136  11.7643   0.0136 -1339.292
 24   8    484.2    172.8   0.1795  14.0287   0.0128  11.4665   0.0128 -1331.813
 24   9    498.3    158.7   0.0769   2.3922   0.0322   1.9084   0.0322 -1193.491
 24  10    502.5    154.5   0.0644   2.1470   0.0300   1.6629   0.0300 -1163.775
 24  11    495.4    161.6   0.0813  27.8205   0.0029  20.7144   0.0029 -1207.264
 24  12    499.5    157.5   0.0706  30.2920   0.0023  21.9437   0.0023 -1172.906
 24  13    498.3    158.7   0.0645  17.3307   0.0037  12.7073   0.0037 -1170.555
 24  14    502.1    154.9   0.0693   3.6437   0.0190   2.7365   0.0190 -1159.400
 24  15    482.2    174.8   0.0733   3.5334   0.0207   2.9813   0.0207 -1216.090
 24  16    493.1    163.9   0.0691  32.5886   0.0021  24.5388   0.0021 -1184.435
 24  17    497.5    159.5   0.0522   4.9853   0.0105   3.7485   0.0105 -1143.115
 24  18    488.1    168.9   0.0528   4.4953   0.0117   3.5845   0.0117 -1161.053
 24  19    489.8    167.2   0.0322   1.4765   0.0218   1.1994   0.0218 -1122.952
 24  20    506.1    150.9   0.0290   1.5621   0.0185   1.1435   0.0185 -1092.442
 24  21    502.3    154.7   0.0144   0.8251   0.0174   0.6160   0.0174 -1042.544
 24  22    495.2    161.8   0.0299   1.4738   0.0203   1.1564   0.0203 -1105.002
 24  23    497.9    159.1   0.0001   0.0508   0.0010   0.0371   0.0010  -850.773
 25   1    487.8    169.2   0.1766   5.9042   0.0299   4.9556   0.0299 -1312.597
 25   2    491.1    165.9   0.1724  65.5127   0.0026  50.0000   0.0026 -1318.889
 25   3    491.2    165.8   0.1724  65.5201   0.0026  50.0000   0.0026 -1318.863
 25   4    490.3    166.7   0.1713   4.1923   0.0409   3.5755   0.0409 -1305.893
 25   5    485.2    171.8   0.1749  63.2432   0.0028  50.0000   0.0028 -1323.786
 25   6    485.7    171.3   0.1653  63.4592   0.0026  50.0000   0.0026 -1307.064
 25   7    477.4    179.6   0.1816  26.6152   0.0068  22.2200   0.0068 -1336.096
 25   8    481.3    175.7   0.1693   7.2316   0.0234   6.1749   0.0234 -1328.319
 25   9    496.5    160.5   0.0707   8.4770   0.0083   6.3734   0.0083 -1189.221
 25  10    501.0    156.0   0.0559   5.7120   0.0098   4.1974   0.0098 -1156.553
 25  11    494.2    162.8   0.0767  24.4891   0.0031  18.3796   0.0031 -1204.120
 25  12    496.6    160.4   0.0712  32.2682   0.0022  23.7898   0.0022 -1177.830
 25  13    495.8    161.2   0.0650   9.2289   0.0070   6.9401   0.0070 -1175.388
 25  14    499.0    158.0   0.0700   2.8376   0.0247   2.2069   0.0247 -1164.769
 25  15    478.6    178.4   0.0742   9.0678   0.0082   7.5502   0.0082 -1221.725
 25  16    488.8    168.2   0.0604  60.3329   0.0010  46.4687   0.0010 -1175.381
 25  17    495.1    161.9   0.0608   2.3682   0.0257   1.8883   0.0257 -1157.730
 25  18    484.9    172.1   0.0512   4.1934   0.0122   3.4080   0.0122 -1162.978
 25  19    487.5    169.5   0.0402   1.7990   0.0223   1.4816   0.0223 -1141.515
 25  20    503.9    153.1   0.0259   1.1375   0.0228   0.8551   0.0228 -1079.399
 25  21    497.9    159.1   0.0261   1.6016   0.0163   1.2226   0.0163 -1093.638
 25  22    491.7    165.3   0.0255   0.3942   0.0648   0.3549   0.0648 -1044.326
 25  23    494.1    162.9   0.0201   1.1885   0.0169   0.9293   0.0169 -1079.209
 25  24    493.7    163.3   0.0200   1.2302   0.0163   0.9625   0.0163 -1083.507
 26   1    484.7    172.3   0.1819   5.9230   0.0307   5.0625   0.0307 -1324.382
 26   2    488.1    168.9   0.1743  12.1959   0.0143   9.7968   0.0143 -1328.216
 26   3    488.1    168.9   0.1743  11.9524   0.0146   9.6076   0.0146 -1328.176
 26   4    486.9    170.1   0.1787  12.0043   0.0149   9.7190   0.0149 -1322.026
 26   5    482.1    174.9   0.1764  31.2276   0.0056  25.3310   0.0056 -1332.247
 26   6    482.6    174.4   0.1662  62.3107   0.0027  50.0000   0.0027 -1315.932
 26   7    474.5    182.5   0.1828  22.2187   0.0082  18.9149   0.0082 -1343.651
 26   8    478.3    178.7   0.1714   6.1029   0.0281   5.3529   0.0281 -1334.651
 26   9    493.5    163.5   0.0738   4.7956   0.0154   3.7458   0.0154 -1201.304
 26  10    498.0    159.0   0.0609   6.0876   0.0100   4.5571   0.0100 -1174.398
 26  11    491.2    165.8   0.0795  30.1903   0.0026  23.0371   0.0026 -1216.248
 26  12    493.4    163.6   0.0714  22.5149   0.0032  16.9766   0.0032 -1187.126
 26  13    492.5    164.5   0.0654  11.6553   0.0056   8.9031   0.0056 -1184.326
 26  14    495.6    161.4   0.0702   4.0553   0.0173   3.1472   0.0173 -1175.655
 26  15    475.6    181.4   0.0749   1.6488   0.0454   1.5287   0.0454 -1222.573
 26  16    485.7    171.3   0.0607  60.7079   0.0010  47.6300   0.0010 -1183.671
 26  17    492.0    165.0   0.0601   9.0729   0.0066   6.9702   0.0066 -1169.359
 26  18    481.8    175.2   0.0559   5.3867   0.0104   4.4334   0.0104 -1178.901
 26  19    484.4    172.6   0.0395   1.4462   0.0273   1.2273   0.0273 -1144.263
 26  20    500.8    156.2   0.0271   0.9930   0.0273   0.7701   0.0273 -1087.707
 26  21    494.6    162.4   0.0210   1.6361   0.0128   1.2606   0.0128 -1091.264
 26  22    488.5    168.5   0.0261   0.4352   0.0600   0.3931   0.0600 -1059.321
 26  23    490.8    166.2   0.0170   1.1449   0.0148   0.9072   0.0148 -1079.496
 26  24    490.4    166.6   0.0170   1.2681   0.0134   1.0026   0.0134 -1089.846
 26  25    487.2    169.8   0.0106   0.2718   0.0389   0.2343   0.0389  -995.901
 27   1    493.7    163.3   0.1910  66.4615   0.0029  50.0000   0.0029 -1319.921
 27   2    496.4    160.6   0.1819  67.6383   0.0027  50.0000   0.0027 -1320.368
 27   3    496.4    160.6   0.1819  67.6280   0.0027  50.0000   0.0027 -1320.399
 27   4    496.1    160.9   0.1793  67.4848   0.0027  50.0000   0.0027 -1308.301
 27   5    490.8    166.2   0.1846  65.3210   0.0028  50.0000   0.0028 -1326.835
 27   6    491.2    165.8   0.1744  65.5076   0.0027  50.0000   0.0027 -1310.383
 27   7    483.5    173.5   0.1902  15.4839   0.0123  12.6846   0.0123 -1339.835
 27   8    487.1    169.9   0.1782   8.4366   0.0211   6.9403   0.0211 -1332.108
 27   9    501.4    155.6   0.0726  12.4616   0.0058   9.0197   0.0058 -1186.617
 27  10    505.6    151.4   0.0601   6.2567   0.0096   4.4640   0.0096 -1156.001
 27  11    498.7    158.3   0.0785  68.9304   0.0011  50.0000   0.0011 -1200.540
 27  12    502.1    154.9   0.0679  11.3647   0.0060   8.1953   0.0060 -1165.640
 27  13    501.0    156.0   0.0619  61.8544   0.0010  44.1892   0.0010 -1164.136
 27  14    504.6    152.4   0.0663   4.0174   0.0165   2.9488   0.0165 -1152.529
 27  15    485.0    172.0   0.0779  21.8697   0.0036  17.3508   0.0036 -1221.386
 27  16    495.5    161.5   0.0640  45.4837   0.0014  33.6947   0.0014 -1174.962
 27  17    500.4    156.6   0.0520   2.4710   0.0210   1.8859   0.0210 -1135.555
 27  18    490.8    166.2   0.0524   6.4456   0.0081   5.0084   0.0081 -1158.831
 27  19    492.9    164.1   0.0298   1.8975   0.0157   1.4892   0.0157 -1117.857
 27  20    508.8    148.2   0.0204   1.0619   0.0192   0.7658   0.0192 -1052.995
 27  21    504.4    152.6   0.0248   0.9587   0.0259   0.7252   0.0259 -1064.262
 27  22    497.8    159.2   0.0231   0.5270   0.0439   0.4358   0.0439 -1049.779
 27  23    500.3    156.7   0.0187   1.0347   0.0181   0.7833   0.0181 -1058.957
 27  24    499.9    157.1   0.0187   0.9589   0.0195   0.7308   0.0195 -1056.462
 27  25    496.3    160.7   0.0188   0.4705   0.0398   0.3877   0.0398 -1035.199
 27  26    493.1    163.9   0.0190   0.5641   0.0337   0.4649   0.0337 -1061.271
 28   1    492.6    164.4   0.1922  66.0270   0.0029  50.0000   0.0029 -1319.590
 28   2    495.4    161.6   0.1830  67.1790   0.0027  50.0000   0.0027 -1320.527
 28   3    495.3    161.7   0.1829  67.1666   0.0027  50.0000   0.0027 -1320.566
 28   4    495.0    162.0   0.1836   4.4340   0.0414   3.6950   0.0414 -1305.999
 28   5    489.6    167.4   0.1871   5.4603   0.0343   4.5911   0.0343 -1325.434
 28   6    490.0    167.0   0.1767   7.5282   0.0235   6.1357   0.0235 -1309.974
 28   7    482.5    174.5   0.1915  17.0732   0.0112  14.0271   0.0112 -1338.896
 28   8    486.1    170.9   0.1796  22.0379   0.0081  17.5990   0.0081 -1331.563
 28   9    500.3    156.7   0.0730   9.1279   0.0080   6.6974   0.0080 -1186.711
 28  10    504.5    152.5   0.0605   6.3651   0.0095   4.5715   0.0095 -1156.292
 28  11    497.6    159.4   0.0795   8.0517   0.0099   6.0409   0.0099 -1200.267
 28  12    501.0    156.0   0.0682   6.7681   0.0101   4.9760   0.0101 -1164.509
 28  13    500.0    157.0   0.0623  14.4032   0.0043  10.4662   0.0043 -1164.100
 28  14    503.6    153.4   0.0665   6.2800   0.0106   4.5523   0.0106 -1154.186
 28  15    484.0    173.0   0.0782  10.0594   0.0078   8.1205   0.0078 -1220.289
 28  16    494.6    162.4   0.0643  64.2290   0.0010  47.7877   0.0010 -1174.206
 28  17    499.3    157.7   0.0524   3.0050   0.0174   2.2836   0.0174 -1136.295
 28  18    489.8    167.2   0.0526   4.8850   0.0108   3.8480   0.0108 -1157.543
 28  19    491.8    165.2   0.0301   2.1316   0.0141   1.6755   0.0141 -1124.466
 28  20    507.8    149.2   0.0205   0.9323   0.0220   0.6827   0.0220 -1051.007
 28  21    503.5    153.5   0.0250   0.8702   0.0287   0.6672   0.0287 -1059.786
 28  22    496.8    160.2   0.0189   0.5785   0.0327   0.4661   0.0327 -1042.490
 28  23    499.3    157.7   0.0190   1.1404   0.0166   0.8643   0.0166 -1066.559
 28  24    498.9    158.1   0.0189   1.1156   0.0170   0.8484   0.0170 -1071.286
 28  25    495.3    161.7   0.0188   0.5440   0.0345   0.4441   0.0345 -1045.884
 28  26    492.1    164.9   0.0191   0.6290   0.0304   0.5164   0.0304 -1064.466
 28  27    501.4    155.6   0.0041   0.1510   0.0271   0.1167   0.0271  -915.961
 29   1    492.6    164.4   0.1922  66.0270   0.0029  50.0000   0.0029 -1319.590
 29   2    495.4    161.6   0.1830  67.1790   0.0027  50.0000   0.0027 -1320.527
 29   3    495.3    161.7   0.1825  67.1679   0.0027  50.0000   0.0027 -1320.567
 29   4    495.0    162.0   0.1836   4.4340   0.0414   3.6950   0.0414 -1305.999
 29   5    489.6    167.4   0.1871   5.4603   0.0343   4.5911   0.0343 -1325.434
 29   6    490.0    167.0   0.1767   7.5282   0.0235   6.1357   0.0235 -1309.974
 29   7    482.5    174.5   0.1915  17.0732   0.0112  14.0271   0.0112 -1338.896
 29   8    486.1    170.9   0.1796  22.0378   0.0081  17.5989   0.0081 -1331.563
 29   9    500.3    156.7   0.0730   9.1278   0.0080   6.6974   0.0080 -1186.711
 29  10    504.5    152.5   0.0605   6.3651   0.0095   4.5715   0.0095 -1156.292
 29  11    497.6    159.4   0.0795   8.0517   0.0099   6.0409   0.0099 -1200.267
 29  12    501.0    156.0   0.0682   6.7681   0.0101   4.9760   0.0101 -1164.509
 29  13    500.0    157.0   0.0623  14.4032   0.0043  10.4662   0.0043 -1164.100
 29  14    503.6    153.4   0.0665   6.2800   0.0106   4.5523   0.0106 -1154.186
 29  15    484.0    173.0   0.0782  10.0595   0.0078   8.1205   0.0078 -1220.289
 29  16    494.6    162.4   0.0643  64.2558   0.0010  47.8076   0.0010 -1174.206
 29  17    499.3    157.7   0.0524   3.0050   0.0174   2.2836   0.0174 -1136.295
 29  18    489.8    167.2   0.0526   4.8850   0.0108   3.8480   0.0108 -1157.543
 29  19    491.8    165.2   0.0301   2.1316   0.0141   1.6755   0.0141 -1124.466
 29  20    507.8    149.2   0.0205   0.9323   0.0220   0.6827   0.0220 -1051.007
 29  21    503.5    153.5   0.0250   0.8702   0.0287   0.6672   0.0287 -1059.786
 29  22    496.8    160.2   0.0189   0.5785   0.0327   0.4661   0.0327 -1042.490
 29  23    499.3    157.7   0.0190   1.1404   0.0166   0.8643   0.0166 -1066.559
 29  24    498.9    158.1   0.0189   1.1156   0.0170   0.8484   0.0170 -1071.286
 29  25    495.3    161.7   0.0188   0.5440   0.0345   0.4441   0.0345 -1045.884
 29  26    492.1    164.9   0.0191   0.6290   0.0304   0.5164   0.0304 -1064.466
 29  27    501.4    155.6   0.0041   0.1510   0.0271   0.1167   0.0271  -915.961
 29  28    500.4    156.6   0.0000   0.0000  99.0000   0.0000  99.0000  -807.133
 30   1    488.7    168.3   0.1811  64.5516   0.0028  50.0000   0.0028 -1313.326
 30   2    491.8    165.2   0.1796   5.4824   0.0328   4.5382   0.0328 -1319.995
 30   3    491.8    165.2   0.1797   5.4420   0.0330   4.5079   0.0330 -1319.978
 30   4    491.3    165.7   0.1766   9.0662   0.0195   7.2577   0.0195 -1307.678
 30   5    485.9    171.1   0.1813  11.3109   0.0160   9.2370   0.0160 -1324.841
 30   6    486.4    170.6   0.1716   9.4187   0.0182   7.7180   0.0182 -1308.718
 30   7    478.3    178.7   0.1802  21.9139   0.0082  18.2713   0.0082 -1331.881
 30   8    482.1    174.9   0.1751   6.8535   0.0255   5.8587   0.0255 -1329.423
 30   9    497.0    160.0   0.0661  15.2299   0.0043  11.2748   0.0043 -1179.463
 30  10    501.4    155.6   0.0538   8.9419   0.0060   6.4758   0.0060 -1149.674
 30  11    494.6    162.4   0.0741  67.1814   0.0011  50.0000   0.0011 -1197.172
 30  12    497.6    159.4   0.0642  21.9158   0.0029  16.0991   0.0029 -1162.317
 30  13    496.7    160.3   0.0627  22.9091   0.0027  16.9126   0.0027 -1167.485
 30  14    500.1    156.9   0.0675   4.1227   0.0164   3.1084   0.0164 -1157.406
 30  15    479.7    177.3   0.0688   8.5899   0.0080   7.1065   0.0080 -1208.437
 30  16    490.2    166.8   0.0649   5.0593   0.0128   3.9986   0.0128 -1177.386
 30  17    495.8    161.2   0.0552   3.1754   0.0174   2.4620   0.0174 -1146.102
 30  18    485.9    171.1   0.0439   4.5634   0.0096   3.6624   0.0096 -1144.374
 30  19    488.2    168.8   0.0348   1.5632   0.0222   1.2820   0.0222 -1122.905
 30  20    504.6    152.4   0.0250   0.9802   0.0255   0.7398   0.0255 -1069.586
 30  21    499.4    157.6   0.0252   1.1184   0.0226   0.8621   0.0226 -1077.091
 30  22    492.8    164.2   0.0233   0.3093   0.0754   0.2843   0.0754 -1019.685
 30  23    495.4    161.6   0.0146   1.0988   0.0133   0.8439   0.0133 -1058.303
 30  24    495.0    162.0   0.0146   1.1816   0.0124   0.9073   0.0124 -1063.693
 30  25    491.4    165.6   0.0147   0.3203   0.0459   0.2751   0.0459  -991.675
 30  26    488.2    168.8   0.0149   0.4271   0.0348   0.3622   0.0348 -1029.149
 30  27    497.5    159.5   0.0125   0.4415   0.0282   0.3499   0.0282 -1005.334
 30  28    496.5    160.5   0.0125   0.5228   0.0239   0.4116   0.0239 -1018.629
 30  29    496.5    160.5   0.0125   0.5228   0.0239   0.4116   0.0239 -1018.629
 31   1    492.1    164.9   0.1892  65.8343   0.0029  50.0000   0.0029 -1317.453
 31   2    496.0    161.0   0.1805  67.4481   0.0027  50.0000   0.0027 -1316.866
 31   3    496.0    161.0   0.1804  67.4742   0.0027  50.0000   0.0027 -1316.783
 31   4    494.9    162.1   0.1841  32.4134   0.0057  24.4038   0.0057 -1310.673
 31   5    489.9    167.1   0.1892  25.6698   0.0074  20.0146   0.0074 -1328.344
 31   6    490.6    166.4   0.1787  65.2749   0.0027  50.0000   0.0027 -1311.770
 31   7    481.1    175.9   0.1956  16.1536   0.0121  13.4028   0.0121 -1342.953
 31   8    485.2    171.8   0.1832  20.9002   0.0088  16.7970   0.0088 -1334.646
 31   9    501.5    155.5   0.0725  13.0244   0.0056   9.4125   0.0056 -1183.352
 31  10    506.3    150.7   0.0599   4.4932   0.0133   3.2310   0.0133 -1151.995
 31  11    499.8    157.2   0.0836  14.1389   0.0059  10.3421   0.0059 -1204.710
 31  12    501.7    155.3   0.0732  70.2842   0.0010  50.0000   0.0010 -1171.870
 31  13    501.1    155.9   0.0672  67.1741   0.0010  47.9611   0.0010 -1169.834
 31  14    504.0    153.0   0.0716   3.7090   0.0193   2.7561   0.0193 -1159.990
 31  15    481.9    175.1   0.0761  40.2508   0.0019  32.3461   0.0019 -1217.503
 31  16    492.0    165.0   0.0671  66.1509   0.0010  50.0000   0.0010 -1180.446
 31  17    500.1    156.9   0.0550   2.1272   0.0258   1.6496   0.0258 -1135.117
 31  18    489.4    167.6   0.0505   2.5545   0.0198   2.0677   0.0198 -1149.711
 31  19    492.4    164.6   0.0415   1.7735   0.0234   1.4264   0.0234 -1141.207
 31  20    509.0    148.0   0.0183   0.7306   0.0251   0.5364   0.0251 -1029.534
 31  21    501.6    155.4   0.0228   1.4615   0.0156   1.0892   0.0156 -1077.603
 31  22    495.8    161.2   0.0167   0.5751   0.0291   0.4613   0.0291 -1040.944
 31  23    498.4    158.6   0.0211   1.4789   0.0142   1.1192   0.0142 -1079.889
 31  24    497.8    159.2   0.0210   1.3288   0.0158   1.0139   0.0158 -1078.543
 31  25    494.6    162.4   0.0166   0.4621   0.0360   0.3802   0.0360 -1028.755
 31  26    491.4    165.6   0.0169   0.6860   0.0246   0.5566   0.0246 -1071.983
 31  27    500.4    156.6   0.0145   0.5038   0.0288   0.3934   0.0288 -1012.159
 31  28    499.4    157.6   0.0103   0.5527   0.0187   0.4213   0.0187 -1013.942
 31  29    499.4    157.6   0.0103   0.5527   0.0187   0.4213   0.0187 -1013.942
 31  30    495.6    161.4   0.0146   0.5554   0.0263   0.4423   0.0263 -1030.466
 32   1    491.5    165.5   0.1925  65.5772   0.0029  50.0000   0.0029 -1316.977
 32   2    494.9    162.1   0.1890  66.9872   0.0028  50.0000   0.0028 -1322.393
 32   3    495.0    162.0   0.1897  66.9978   0.0028  50.0000   0.0028 -1322.349
 32   4    494.2    162.8   0.1885   9.0783   0.0208   7.1733   0.0208 -1309.586
 32   5    488.9    168.1   0.1927  51.8369   0.0037  40.2154   0.0037 -1328.490
 32   6    489.6    167.4   0.1822  64.8659   0.0028  50.0000   0.0028 -1311.536
 32   7    480.5    176.5   0.1996   9.4300   0.0212   8.0367   0.0212 -1342.667
 32   8    484.5    172.5   0.1878   4.5579   0.0412   4.0050   0.0412 -1333.285
 32   9    500.4    156.6   0.0750   7.1710   0.0105   5.3002   0.0105 -1183.659
 32  10    505.0    152.0   0.0623   5.4545   0.0114   3.9303   0.0114 -1152.833
 32  11    498.2    158.8   0.0840  12.6381   0.0066   9.3559   0.0066 -1202.487
 32  12    500.8    156.2   0.0731   9.5945   0.0076   7.0083   0.0076 -1167.954
 32  13    500.0    157.0   0.0672  15.5259   0.0043  11.2835   0.0043 -1166.997
 32  14    503.2    153.8   0.0719   2.8226   0.0255   2.1472   0.0255 -1151.861
 32  15    481.6    175.4   0.0733  14.0440   0.0052  11.4112   0.0052 -1213.185
 32  16    491.9    165.1   0.0669   4.8704   0.0137   3.8215   0.0137 -1176.317
 32  17    499.1    157.9   0.0619   1.6857   0.0367   1.3562   0.0367 -1141.582
 32  18    488.7    168.3   0.0527   3.7079   0.0142   2.9668   0.0142 -1154.508
 32  19    491.3    165.7   0.0391   1.4992   0.0261   1.2218   0.0261 -1128.919
 32  20    508.0    149.0   0.0289   0.9069   0.0319   0.6842   0.0319 -1064.654
 32  21    501.5    155.5   0.0271   1.1641   0.0233   0.8885   0.0233 -1072.957
 32  22    495.3    161.7   0.0232   0.2735   0.0849   0.2544   0.0849 -1007.429
 32  23    497.9    159.1   0.0168   1.0463   0.0161   0.7982   0.0161 -1049.485
 32  24    497.4    159.6   0.0168   1.1183   0.0150   0.8533   0.0150 -1057.457
 32  25    494.0    163.0   0.0189   0.2950   0.0642   0.2623   0.0642 -1000.958
 32  26    490.7    166.3   0.0169   0.3873   0.0438   0.3320   0.0438 -1027.835
 32  27    500.0    157.0   0.0166   0.3762   0.0442   0.3077   0.0442  -994.339
 32  28    499.0    158.0   0.0125   0.4501   0.0277   0.3532   0.0277  -998.285
 32  29    499.0    158.0   0.0125   0.4501   0.0277   0.3532   0.0277  -998.285
 32  30    495.2    161.8   0.0125   0.2044   0.0613   0.1793   0.0613  -956.009
 32  31    498.4    158.6   0.0146   0.4505   0.0323   0.3594   0.0323 -1011.714
 33   1    489.2    167.8   0.1882   6.5442   0.0288   5.4356   0.0288 -1318.721
 33   2    494.4    162.6   0.1909   6.5367   0.0292   5.2842   0.0292 -1325.798
 33   3    494.6    162.4   0.1909   6.4974   0.0294   5.2498   0.0294 -1325.511
 33   4    492.2    164.8   0.1827  65.9150   0.0028  50.0000   0.0028 -1311.175
 33   5    487.8    169.2   0.1866  64.1835   0.0029  50.0000   0.0029 -1326.062
 33   6    488.9    168.1   0.1785  64.6313   0.0028  50.0000   0.0028 -1312.700
 33   7    477.4    179.6   0.1806  16.6501   0.0108  14.0473   0.0108 -1333.050
 33   8    482.2    174.8   0.1725   7.3684   0.0234   6.2611   0.0234 -1326.660
 33   9    500.7    156.3   0.0749   2.4280   0.0308   1.9039   0.0308 -1177.546
 33  10    506.1    150.9   0.0599   3.4175   0.0175   2.4935   0.0175 -1149.491
 33  11    499.9    157.1   0.0789   5.7932   0.0136   4.3363   0.0136 -1197.403
 33  12    499.8    157.2   0.0685  48.3111   0.0014  34.8347   0.0014 -1169.541
 33  13    499.6    157.4   0.0572   6.5392   0.0088   4.8317   0.0088 -1156.948
 33  14    501.6    155.4   0.0676   3.4930   0.0193   2.6338   0.0193 -1156.480
 33  15    477.3    179.7   0.0767   3.5302   0.0217   3.0632   0.0217 -1226.259
 33  16    486.4    170.6   0.0627  22.5334   0.0028  17.6912   0.0028 -1181.570
 33  17    498.7    158.3   0.0662   3.1623   0.0209   2.4373   0.0209 -1163.386
 33  18    486.5    170.5   0.0577   8.6854   0.0066   6.8901   0.0066 -1172.885
 33  19    490.6    166.4   0.0348   1.3249   0.0263   1.0844   0.0263 -1122.974
 33  20    507.9    149.1   0.0336   1.5989   0.0210   1.1664   0.0210 -1096.222
 33  21    496.5    160.5   0.0275   2.5754   0.0107   1.9496   0.0107 -1103.202
 33  22    492.1    164.9   0.0302   1.4933   0.0202   1.1922   0.0202 -1106.538
 33  23    494.4    162.6   0.0255   1.2727   0.0200   1.0024   0.0200 -1090.112
 33  24    493.7    163.3   0.0255   1.3241   0.0192   1.0447   0.0192 -1094.906
 33  25    491.3    165.7   0.0281   1.5664   0.0179   1.2485   0.0179 -1108.061
 33  26    488.1    168.9   0.0281   1.5794   0.0178   1.2809   0.0178 -1117.250
 33  27    496.7    160.3   0.0319   1.5745   0.0203   1.2249   0.0203 -1106.997
 33  28    495.6    161.4   0.0321   1.8561   0.0173   1.4405   0.0173 -1116.092
 33  29    495.6    161.4   0.0321   1.8561   0.0173   1.4405   0.0173 -1116.092
 33  30    492.0    165.0   0.0279   1.4699   0.0190   1.1699   0.0190 -1097.911
 33  31    496.1    160.9   0.0301   2.5226   0.0119   1.9214   0.0119 -1108.306
 33  32    495.1    161.9   0.0321   1.7725   0.0181   1.3826   0.0181 -1108.412
 34   1    489.2    167.8   0.1882   6.5442   0.0288   5.4356   0.0288 -1318.721
 34   2    494.4    162.6   0.1909   6.5367   0.0292   5.2842   0.0292 -1325.798
 34   3    494.6    162.4   0.1909   6.4974   0.0294   5.2498   0.0294 -1325.511
 34   4    492.2    164.8   0.1827  65.9150   0.0028  50.0000   0.0028 -1311.175
 34   5    487.8    169.2   0.1866  64.1835   0.0029  50.0000   0.0029 -1326.062
 34   6    488.9    168.1   0.1785  64.6313   0.0028  50.0000   0.0028 -1312.700
 34   7    477.4    179.6   0.1806  16.6501   0.0108  14.0473   0.0108 -1333.050
 34   8    482.2    174.8   0.1725   7.3684   0.0234   6.2611   0.0234 -1326.660
 34   9    500.7    156.3   0.0749   2.4280   0.0308   1.9039   0.0308 -1177.546
 34  10    506.1    150.9   0.0599   3.4175   0.0175   2.4935   0.0175 -1149.491
 34  11    499.9    157.1   0.0789   5.7932   0.0136   4.3363   0.0136 -1197.403
 34  12    499.8    157.2   0.0685  48.3210   0.0014  34.8419   0.0014 -1169.541
 34  13    499.6    157.4   0.0572   6.5392   0.0088   4.8317   0.0088 -1156.948
 34  14    501.6    155.4   0.0676   3.4930   0.0193   2.6338   0.0193 -1156.480
 34  15    477.3    179.7   0.0767   3.5302   0.0217   3.0632   0.0217 -1226.259
 34  16    486.4    170.6   0.0627  22.5336   0.0028  17.6913   0.0028 -1181.570
 34  17    498.7    158.3   0.0662   3.1623   0.0209   2.4373   0.0209 -1163.386
 34  18    486.5    170.5   0.0577   8.6854   0.0066   6.8901   0.0066 -1172.885
 34  19    490.6    166.4   0.0348   1.3249   0.0263   1.0844   0.0263 -1122.974
 34  20    507.9    149.1   0.0336   1.5989   0.0210   1.1664   0.0210 -1096.222
 34  21    496.5    160.5   0.0275   2.5754   0.0107   1.9496   0.0107 -1103.202
 34  22    492.1    164.9   0.0302   1.4933   0.0202   1.1922   0.0202 -1106.538
 34  23    494.4    162.6   0.0255   1.2727   0.0200   1.0024   0.0200 -1090.112
 34  24    493.7    163.3   0.0255   1.3241   0.0192   1.0447   0.0192 -1094.906
 34  25    491.3    165.7   0.0281   1.5664   0.0179   1.2485   0.0179 -1108.061
 34  26    488.1    168.9   0.0281   1.5794   0.0178   1.2809   0.0178 -1117.250
 34  27    496.7    160.3   0.0319   1.5745   0.0203   1.2249   0.0203 -1106.997
 34  28    495.6    161.4   0.0321   1.8561   0.0173   1.4405   0.0173 -1116.092
 34  29    495.6    161.4   0.0321   1.8561   0.0173   1.4405   0.0173 -1116.092
 34  30    492.0    165.0   0.0279   1.4699   0.0190   1.1699   0.0190 -1097.911
 34  31    496.1    160.9   0.0301   2.5226   0.0119   1.9214   0.0119 -1108.306
 34  32    495.1    161.9   0.0321   1.7725   0.0181   1.3826   0.0181 -1108.412
 34  33    494.2    162.8   0.0000   0.0000   0.7200   0.0000   0.7200  -810.958
 35   1    486.5    170.5   0.1931  63.6562   0.0030  50.0000   0.0030 -1331.790
 35   2    492.0    165.0   0.1985   4.2773   0.0464   3.6685   0.0464 -1337.116
 35   3    492.2    164.8   0.1985   4.2699   0.0465   3.6590   0.0465 -1336.800
 35   4    489.4    167.6   0.1885  64.8005   0.0029  50.0000   0.0029 -1325.167
 35   5    485.3    171.7   0.2000   7.4619   0.0268   6.2925   0.0268 -1344.935
 35   6    486.5    170.5   0.1845  63.6863   0.0029  50.0000   0.0029 -1325.340
 35   7    474.8    182.2   0.1833  15.1499   0.0121  13.0044   0.0121 -1341.787
 35   8    479.7    177.3   0.1816  13.7960   0.0132  11.5699   0.0132 -1341.100
 35   9    498.5    158.5   0.0797   4.3409   0.0184   3.3239   0.0184 -1199.723
 35  10    503.9    153.1   0.0646   7.3894   0.0087   5.3129   0.0087 -1169.676
 35  11    497.8    159.2   0.0803  29.1448   0.0028  21.3628   0.0028 -1207.427
 35  12    497.1    159.9   0.0752  22.6490   0.0033  16.7054   0.0033 -1186.292
 35  13    497.0    160.0   0.0619  61.8524   0.0010  45.3332   0.0010 -1172.063
 35  14    498.7    158.3   0.0725   4.2290   0.0171   3.2218   0.0171 -1174.712
 35  15    474.5    182.5   0.0743   4.4481   0.0167   3.8675   0.0167 -1226.858
 35  16    483.2    173.8   0.0702   7.3778   0.0095   6.0102   0.0095 -1200.170
 35  17    496.2    160.8   0.0662   1.9572   0.0338   1.5873   0.0338 -1167.580
 35  18    483.7    173.3   0.0484   3.0982   0.0156   2.5582   0.0156 -1162.807
 35  19    488.2    168.8   0.0324   1.1320   0.0286   0.9448   0.0286 -1114.989
 35  20    505.5    151.5   0.0377   1.8605   0.0202   1.3740   0.0202 -1116.531
 35  21    493.2    163.8   0.0320   1.3986   0.0229   1.1181   0.0229 -1108.667
 35  22    489.2    167.8   0.0393   1.3770   0.0285   1.1431   0.0285 -1127.034
 35  23    491.4    165.6   0.0255   1.3985   0.0182   1.1150   0.0182 -1098.291
 35  24    490.7    166.3   0.0255   1.3994   0.0182   1.1199   0.0182 -1102.479
 35  25    488.4    168.6   0.0327   1.9007   0.0172   1.5360   0.0172 -1123.441
 35  26    485.3    171.7   0.0327   1.5937   0.0205   1.3218   0.0205 -1129.389
 35  27    493.7    163.3   0.0321   1.3742   0.0233   1.0969   0.0233 -1106.690
 35  28    492.6    164.4   0.0322   1.3886   0.0232   1.1147   0.0232 -1112.659
 35  29    492.6    164.4   0.0322   1.3886   0.0232   1.1147   0.0232 -1112.659
 35  30    489.1    167.9   0.0280   1.3425   0.0209   1.0919   0.0209 -1096.494
 35  31    493.3    163.7   0.0345   1.9368   0.0178   1.5253   0.0178 -1122.038
 35  32    492.2    164.8   0.0322   1.5282   0.0211   1.2221   0.0211 -1109.675
 35  33    491.7    165.3   0.0189   0.4767   0.0396   0.4021   0.0396 -1037.605
 35  34    491.7    165.3   0.0189   0.4767   0.0396   0.4021   0.0396 -1037.605
 36   1    486.8    170.2   0.1875  63.7812   0.0029  50.0000   0.0029 -1318.354
 36   2    490.8    166.2   0.1948   5.5772   0.0349   4.6695   0.0349 -1329.031
 36   3    490.9    166.1   0.1947   5.5664   0.0350   4.6593   0.0350 -1328.900
 36   4    489.5    167.5   0.1855  64.8245   0.0029  50.0000   0.0029 -1312.796
 36   5    484.5    172.5   0.1960  62.9427   0.0031  50.0000   0.0031 -1334.760
 36   6    485.3    171.7   0.1796  63.2695   0.0028  50.0000   0.0028 -1313.377
 36   7    475.6    181.4   0.1875  28.4566   0.0066  23.9815   0.0066 -1335.727
 36   8    479.9    177.1   0.1810  61.3261   0.0030  50.0000   0.0030 -1332.590
 36   9    496.6    160.4   0.0780   6.1687   0.0126   4.6954   0.0126 -1194.128
 36  10    501.5    155.5   0.0676   5.6076   0.0120   4.1372   0.0120 -1169.916
 36  11    494.8    162.2   0.0840  20.3639   0.0041  15.2759   0.0041 -1211.316
 36  12    496.5    160.5   0.0712  31.4193   0.0023  23.1934   0.0023 -1174.196
 36  13    495.7    161.3   0.0624  17.3051   0.0036  12.8842   0.0036 -1170.048
 36  14    498.6    158.4   0.0738   2.4572   0.0300   1.9456   0.0300 -1165.053
 36  15    476.3    180.7   0.0688   5.2260   0.0132   4.4621   0.0132 -1208.738
 36  16    486.2    170.8   0.0652  41.9539   0.0016  32.8706   0.0016 -1184.505
 36  17    495.0    162.0   0.0596   3.1722   0.0188   2.4809   0.0188 -1156.459
 36  18    483.9    173.1   0.0531   2.2730   0.0233   1.9136   0.0233 -1160.401
 36  19    487.1    169.9   0.0328   1.3251   0.0248   1.1013   0.0248 -1117.287
 36  20    504.1    152.9   0.0341   1.6720   0.0204   1.2460   0.0204 -1105.048
 36  21    495.9    161.1   0.0209   1.5359   0.0136   1.1774   0.0136 -1082.328
 36  22    490.2    166.8   0.0323   1.7184   0.0188   1.3807   0.0188 -1114.197
 36  23    492.7    164.3   0.0168   1.0748   0.0157   0.8442   0.0157 -1062.862
 36  24    492.1    164.9   0.0168   1.1498   0.0146   0.9034   0.0146 -1068.653
 36  25    489.1    167.9   0.0262   1.5921   0.0165   1.2790   0.0165 -1101.792
 36  26    485.9    171.1   0.0214   3.1750   0.0068   2.5287   0.0068 -1108.689
 36  27    494.9    162.1   0.0254   1.6535   0.0153   1.2811   0.0153 -1090.429
 36  28    493.9    163.1   0.0255   1.8818   0.0135   1.4590   0.0135 -1100.221
 36  29    493.9    163.1   0.0255   1.8818   0.0135   1.4590   0.0135 -1100.221
 36  30    490.1    166.9   0.0212   1.2234   0.0174   0.9798   0.0174 -1073.904
 36  31    493.7    163.3   0.0278   2.0863   0.0133   1.6188   0.0133 -1104.013
 36  32    492.9    164.1   0.0233   1.2693   0.0184   1.0034   0.0184 -1081.479
 36  33    490.8    166.2   0.0146   0.6666   0.0220   0.5387   0.0220 -1046.537
 36  34    490.8    166.2   0.0146   0.6666   0.0220   0.5387   0.0220 -1046.537
 36  35    488.0    169.0   0.0169   0.4197   0.0402   0.3614   0.0402 -1023.256
 37   1    487.4    169.6   0.2104  63.9549   0.0033  50.0000   0.0033 -1334.919
 37   2    494.1    162.9   0.1932  66.6266   0.0029  50.0000   0.0029 -1326.820
 37   3    494.4    162.6   0.1931  66.7406   0.0029  50.0000   0.0029 -1326.461
 37   4    490.8    166.2   0.2104   4.3619   0.0482   3.7818   0.0482 -1327.675
 37   5    487.0    170.0   0.2032  63.8472   0.0032  50.0000   0.0032 -1338.388
 37   6    488.5    168.5   0.1978  64.3980   0.0031  50.0000   0.0031 -1325.733
 37   7    475.4    181.6   0.2137   9.7797   0.0219   8.5749   0.0219 -1354.796
 37   8    480.6    176.4   0.1999   7.6274   0.0262   6.5812   0.0262 -1345.523
 37   9    500.9    156.1   0.1120  19.7109   0.0057  14.3071   0.0057 -1229.436
 37  10    506.8    150.2   0.0982   9.0609   0.0108   6.4430   0.0108 -1202.283
 37  11    501.1    155.9   0.0950  69.9295   0.0014  50.0000   0.0014 -1213.772
 37  12    498.7    158.3   0.0906  36.6765   0.0025  26.7093   0.0025 -1194.141
 37  13    499.2    157.8   0.0934  69.0896   0.0014  50.0000   0.0014 -1203.056
 37  14    500.2    156.8   0.0915  50.0120   0.0018  36.0070   0.0018 -1188.605
 37  15    474.6    182.4   0.1134  22.4250   0.0051  18.9237   0.0051 -1264.381
 37  16    482.7    174.3   0.0985  43.4618   0.0023  34.8168   0.0023 -1222.288
 37  17    498.0    159.0   0.0403   0.8052   0.0501   0.6761   0.0501 -1094.663
 37  18    484.8    172.2   0.0849  63.3659   0.0013  50.0000   0.0013 -1202.999
 37  19    490.3    166.7   0.0696   1.2457   0.0559   1.1043   0.0559 -1181.357
 37  20    507.7    149.3   0.0581   3.5897   0.0162   2.5826   0.0162 -1139.804
 37  21    493.0    164.0   0.0618  48.1073   0.0013  36.1614   0.0013 -1160.959
 37  22    489.8    167.2   0.0672  64.0926   0.0010  49.0916   0.0010 -1171.058
 37  23    492.0    165.0   0.0575   1.6075   0.0358   1.3407   0.0358 -1149.220
 37  24    491.2    165.8   0.0576   1.6872   0.0341   1.4067   0.0341 -1156.787
 37  25    489.3    167.7   0.0683   2.4629   0.0277   2.0385   0.0277 -1178.082
 37  26    486.3    170.7   0.0628   7.9602   0.0079   6.3439   0.0079 -1179.236
 37  27    494.4    162.6   0.0594   7.4525   0.0080   5.6686   0.0080 -1160.726
 37  28    493.2    163.8   0.0572  17.4820   0.0033  13.2045   0.0033 -1155.822
 37  29    493.2    163.8   0.0572  17.4820   0.0033  13.2045   0.0033 -1155.822
 37  30    489.8    167.2   0.0628  25.4344   0.0025  19.5610   0.0025 -1168.166
 37  31    494.4    162.6   0.0573   3.8477   0.0149   2.9866   0.0149 -1150.263
 37  32    493.2    163.8   0.0641   3.3017   0.0194   2.6140   0.0194 -1161.662
 37  33    493.6    163.4   0.0717   2.0588   0.0348   1.6977   0.0348 -1179.907
 37  34    493.6    163.4   0.0717   2.0588   0.0348   1.6977   0.0348 -1179.907
 37  35    491.4    165.6   0.0693   2.5136   0.0276   2.0566   0.0276 -1185.983
 37  36    489.4    167.6   0.0671  36.2737   0.0018  27.9168   0.0018 -1176.814
 38   1    484.3    172.7   0.1815  62.8946   0.0029  50.0000   0.0029 -1322.041
 38   2    488.9    168.1   0.1764  64.6351   0.0027  50.0000   0.0027 -1324.021
 38   3    489.0    168.0   0.1763  64.6814   0.0027  50.0000   0.0027 -1323.868
 38   4    487.0    170.0   0.1813  63.8919   0.0028  50.0000   0.0028 -1319.172
 38   5    482.5    174.5   0.1877   4.4017   0.0426   3.9212   0.0426 -1332.095
 38   6    483.3    173.7   0.1807  62.5490   0.0029  50.0000   0.0029 -1322.544
 38   7    473.3    183.7   0.2049   7.0475   0.0291   6.3544   0.0291 -1353.935
 38   8    477.7    179.3   0.1868  30.1505   0.0062  25.0887   0.0062 -1346.126
 38   9    495.0    162.0   0.1049   5.2828   0.0198   4.1448   0.0198 -1229.849
 38  10    500.1    156.9   0.0816  13.7039   0.0060  10.0061   0.0060 -1193.579
 38  11    493.6    163.4   0.0832  66.7466   0.0012  50.0000   0.0012 -1212.971
 38  12    494.1    162.9   0.0930  10.3494   0.0090   7.9078   0.0090 -1207.973
 38  13    493.6    163.4   0.0785  66.7773   0.0012  50.0000   0.0012 -1194.817
 38  14    496.1    160.9   0.0883  14.8914   0.0059  11.1427   0.0059 -1195.400
 38  15    473.7    183.3   0.0943  19.6027   0.0048  16.6103   0.0048 -1246.184
 38  16    483.2    173.8   0.0949  62.7343   0.0015  50.0000   0.0015 -1222.101
 38  17    492.9    164.1   0.0501   0.9173   0.0547   0.8000   0.0547 -1111.588
 38  18    481.5    175.5   0.0853  62.1587   0.0014  50.0000   0.0014 -1210.200
 38  19    485.2    171.8   0.0652   2.8084   0.0232   2.3471   0.0232 -1190.324
 38  20    502.2    154.8   0.0562  10.3433   0.0054   7.4408   0.0054 -1145.545
 38  21    492.7    164.3   0.0545   2.8839   0.0189   2.2859   0.0189 -1152.148
 38  22    487.6    169.4   0.0652  64.4479   0.0010  50.0000   0.0010 -1173.455
 38  23    489.8    167.2   0.0506   2.9962   0.0169   2.4003   0.0169 -1150.212
 38  24    489.3    167.7   0.0507   2.7566   0.0184   2.2238   0.0184 -1157.053
 38  25    486.6    170.4   0.0510  22.5456   0.0023  17.6516   0.0023 -1159.586
 38  26    483.5    173.5   0.0535  18.0456   0.0030  14.4141   0.0030 -1171.750
 38  27    492.3    164.7   0.0571   2.2612   0.0253   1.8289   0.0253 -1159.574
 38  28    491.2    165.8   0.0577   1.8020   0.0320   1.4935   0.0320 -1156.088
 38  29    491.2    165.8   0.0577   1.8020   0.0320   1.4935   0.0320 -1156.088
 38  30    487.5    169.5   0.0556  15.7468   0.0035  12.3144   0.0035 -1162.754
 38  31    491.2    165.8   0.0482   2.4830   0.0194   1.9884   0.0194 -1139.123
 38  32    490.3    166.7   0.0622   1.9801   0.0314   1.6463   0.0314 -1162.228
 38  33    488.8    168.2   0.0597  23.5064   0.0025  18.1907   0.0025 -1169.065
 38  34    488.8    168.2   0.0597  23.5064   0.0025  18.1907   0.0025 -1169.065
 38  35    486.2    170.8   0.0654   1.3700   0.0477   1.2137   0.0477 -1172.930
 38  36    485.8    171.2   0.0628   2.4775   0.0253   2.0762   0.0253 -1177.044
 38  37    487.7    169.3   0.0549   0.8735   0.0628   0.7975   0.0628 -1139.767
 39   1    485.1    171.9   0.1876  63.1877   0.0030  50.0000   0.0030 -1324.230
 39   2    490.1    166.9   0.1776   6.0013   0.0296   4.9717   0.0296 -1322.078
 39   3    490.2    166.8   0.1776   6.0737   0.0292   5.0230   0.0292 -1321.915
 39   4    487.9    169.1   0.1925   5.1379   0.0375   4.3959   0.0375 -1322.625
 39   5    483.6    173.4   0.1845  62.6201   0.0029  50.0000   0.0029 -1332.160
 39   6    484.5    172.5   0.1784   6.3851   0.0279   5.4249   0.0279 -1317.066
 39   7    474.2    182.8   0.1988  59.3857   0.0033  50.0000   0.0033 -1349.471
 39   8    478.7    178.3   0.1825  23.2416   0.0079  19.3216   0.0079 -1339.861
 39   9    496.2    160.8   0.1017   5.4377   0.0187   4.2231   0.0187 -1220.252
 39  10    501.4    155.6   0.0882   6.2332   0.0141   4.6320   0.0141 -1195.312
 39  11    494.9    162.1   0.0978  67.2647   0.0015  50.0000   0.0015 -1227.987
 39  12    494.9    162.1   0.0925  10.9915   0.0084   8.3429   0.0084 -1204.301
 39  13    494.6    162.4   0.0759  67.1831   0.0011  50.0000   0.0011 -1188.876
 39  14    496.9    160.1   0.0806   6.1668   0.0131   4.6918   0.0131 -1180.690
 39  15    474.5    182.5   0.0917  11.8389   0.0077  10.0638   0.0077 -1237.596
 39  16    483.7    173.3   0.0947  33.1219   0.0029  26.4170   0.0029 -1220.999
 39  17    494.0    163.0   0.0427   0.8736   0.0489   0.7467   0.0489 -1098.385
 39  18    482.4    174.6   0.0754   2.8882   0.0261   2.4692   0.0261 -1190.720
 39  19    486.4    170.6   0.0647   2.0796   0.0311   1.7639   0.0311 -1184.453
 39  20    503.2    153.8   0.0536   2.2293   0.0240   1.6884   0.0240 -1136.280
 39  21    493.2    163.8   0.0570  56.9533   0.0010  42.7256   0.0010 -1154.407
 39  22    488.3    168.7   0.0632   1.8908   0.0334   1.5971   0.0334 -1163.862
 39  23    490.5    166.5   0.0507   1.9223   0.0264   1.5751   0.0264 -1141.411
 39  24    490.0    167.0   0.0507   2.1431   0.0236   1.7477   0.0236 -1149.661
 39  25    487.5    169.5   0.0589   2.4189   0.0243   2.0037   0.0243 -1168.976
 39  26    484.4    172.6   0.0581  11.8011   0.0049   9.4314   0.0049 -1176.129
 39  27    493.0    164.0   0.0548   3.0498   0.0180   2.4068   0.0180 -1152.359
 39  28    491.9    165.1   0.0552   2.0200   0.0273   1.6467   0.0273 -1146.158
 39  29    491.9    165.1   0.0552   2.0200   0.0273   1.6467   0.0273 -1146.158
 39  30    488.2    168.8   0.0534   2.4489   0.0218   2.0068   0.0218 -1151.587
 39  31    492.0    165.0   0.0508   1.5186   0.0334   1.2584   0.0334 -1132.005
 39  32    491.1    165.9   0.0599   1.8862   0.0317   1.5629   0.0317 -1152.165
 39  33    489.8    167.2   0.0645   1.7225   0.0375   1.4592   0.0375 -1168.387
 39  34    489.8    167.2   0.0645   1.7225   0.0375   1.4592   0.0375 -1168.387
 39  35    487.3    169.7   0.0624   1.8210   0.0343   1.5500   0.0343 -1169.104
 39  36    486.7    170.3   0.0628   1.9502   0.0322   1.6561   0.0322 -1167.623
 39  37    488.9    168.1   0.0503   1.0295   0.0489   0.9024   0.0489 -1132.853
 39  38    484.7    172.3   0.0260   0.5672   0.0458   0.5038   0.0458 -1061.177
 40   1    485.7    171.3   0.1808  63.4013   0.0029  50.0000   0.0029 -1319.811
 40   2    488.7    168.3   0.1697  64.5647   0.0026  50.0000   0.0026 -1320.051
 40   3    488.7    168.3   0.1697  64.5573   0.0026  50.0000   0.0026 -1320.073
 40   4    487.7    169.3   0.1848   3.1063   0.0595   2.8134   0.0595 -1316.158
 40   5    482.9    174.1   0.1802   5.4745   0.0329   4.7503   0.0329 -1327.832
 40   6    483.1    173.9   0.1705  62.5053   0.0027  50.0000   0.0027 -1314.768
 40   7    476.3    180.7   0.1909  12.8783   0.0148  11.0422   0.0148 -1342.583
 40   8    479.8    177.2   0.1762   4.4571   0.0395   3.9919   0.0395 -1332.530
 40   9    493.9    163.1   0.0825   5.4035   0.0153   4.2115   0.0153 -1205.519
 40  10    498.1    158.9   0.0675   6.9254   0.0097   5.1796   0.0097 -1176.868
 40  11    491.2    165.8   0.0899   8.0255   0.0112   6.2788   0.0112 -1223.592
 40  12    493.6    163.4   0.0758  12.3257   0.0061   9.3662   0.0061 -1188.169
 40  13    492.6    164.4   0.0625  62.4978   0.0010  47.0536   0.0010 -1175.393
 40  14    496.0    161.0   0.0693   3.7916   0.0183   2.9442   0.0183 -1170.863
 40  15    477.7    179.3   0.0882  20.1959   0.0044  16.7275   0.0044 -1241.243
 40  16    487.9    169.1   0.0816  64.5350   0.0013  50.0000   0.0013 -1203.283
 40  17    492.3    164.7   0.0431   0.8680   0.0496   0.7498   0.0496 -1106.411
 40  18    482.7    174.3   0.0675  62.6515   0.0011  50.0000   0.0011 -1191.297
 40  19    485.2    171.8   0.0555   1.8831   0.0295   1.6005   0.0295 -1173.640
 40  20    500.9    156.1   0.0449   8.8636   0.0051   6.4193   0.0051 -1134.709
 40  21    496.3    160.7   0.0407   2.5554   0.0159   1.9676   0.0159 -1129.562
 40  22    489.8    167.2   0.0484  48.3493   0.0010  37.0292   0.0010 -1147.513
 40  23    491.9    165.1   0.0370   1.7252   0.0215   1.3838   0.0215 -1124.920
 40  24    491.7    165.3   0.0369   1.8269   0.0202   1.4617   0.0202 -1131.746
 40  25    488.4    168.6   0.0421   2.7622   0.0153   2.2199   0.0153 -1143.631
 40  26    485.4    171.6   0.0416   6.0324   0.0069   4.8181   0.0069 -1149.637
 40  27    494.4    162.6   0.0410   2.7360   0.0150   2.1235   0.0150 -1135.981
 40  28    493.4    163.6   0.0416   1.7266   0.0241   1.3832   0.0241 -1128.373
 40  29    493.4    163.6   0.0416   1.7266   0.0241   1.3832   0.0241 -1128.373
 40  30    489.4    167.6   0.0393   3.0130   0.0131   2.3933   0.0131 -1137.328
 40  31    492.3    164.7   0.0369   2.7589   0.0134   2.1581   0.0134 -1126.911
 40  32    491.8    165.2   0.0461   1.8699   0.0247   1.5145   0.0247 -1137.468
 40  33    488.7    168.3   0.0457  29.0368   0.0016  22.4172   0.0016 -1149.708
 40  34    488.7    168.3   0.0457  29.0367   0.0016  22.4172   0.0016 -1149.708
 40  35    486.0    171.0   0.0488   1.6245   0.0300   1.3770   0.0300 -1159.940
 40  36    486.8    170.2   0.0483  48.2642   0.0010  37.6097   0.0010 -1155.942
 40  37    486.6    170.4   0.0435   0.8610   0.0505   0.7665   0.0505 -1118.457
 40  38    484.5    172.5   0.0279   0.6452   0.0433   0.5701   0.0433 -1078.393
 40  39    485.3    171.7   0.0213   0.7482   0.0284   0.6337   0.0284 -1075.708
 41   1    475.6    181.4   0.1921  59.8440   0.0032  50.0000   0.0032 -1351.263
 41   2    479.5    177.5   0.1800  61.2203   0.0029  50.0000   0.0029 -1351.696
 41   3    479.6    177.4   0.1800  61.2413   0.0029  50.0000   0.0029 -1351.625
 41   4    477.1    179.9   0.1914  60.3558   0.0032  50.0000   0.0032 -1353.469
 41   5    473.4    183.6   0.1840   7.5715   0.0243   6.7438   0.0243 -1352.134
 41   6    473.8    183.2   0.1810  59.2945   0.0031  50.0000   0.0031 -1345.790
 41   7    466.8    190.2   0.2032   6.2487   0.0325   5.8590   0.0325 -1368.659
 41   8    470.6    186.4   0.1868   5.8784   0.0318   5.4056   0.0318 -1360.746
 41   9    485.2    171.8   0.1018   6.6084   0.0154   5.4083   0.0154 -1255.502
 41  10    489.8    167.2   0.0856  11.0560   0.0077   8.6347   0.0077 -1229.266
 41  11    483.3    173.7   0.0930  62.7793   0.0015  50.0000   0.0015 -1250.092
 41  12    483.4    173.6   0.0848  14.8793   0.0057  11.9846   0.0057 -1225.922
 41  13    482.7    174.3   0.0705  62.6368   0.0011  50.0000   0.0011 -1211.453
 41  14    485.2    171.8   0.0806   5.9638   0.0135   4.8567   0.0135 -1215.591
 41  15    467.6    189.4   0.0957   8.1199   0.0118   7.2269   0.0118 -1267.789
 41  16    476.9    180.1   0.0860  28.8205   0.0030  23.8947   0.0030 -1232.244
 41  17    482.7    174.3   0.0461   1.2156   0.0379   1.0692   0.0379 -1152.437
 41  18    472.5    184.5   0.0769   5.0570   0.0152   4.4256   0.0152 -1223.917
 41  19    476.0    181.0   0.0637   2.2321   0.0285   1.9836   0.0285 -1209.015
 41  20    491.6    165.4   0.0527   5.2957   0.0099   4.1188   0.0099 -1174.603
 41  21    484.5    172.5   0.0483  48.3150   0.0010  38.1728   0.0010 -1172.057
 41  22    479.1    177.9   0.0614  61.3842   0.0010  50.0000   0.0010 -1195.052
 41  23    480.6    176.4   0.0466  15.9145   0.0029  12.9239   0.0029 -1174.282
 41  24    480.6    176.4   0.0466   7.6472   0.0061   6.2617   0.0061 -1177.517
 41  25    478.1    178.9   0.0543   9.2331   0.0059   7.6608   0.0059 -1190.537
 41  26    475.4    181.6   0.0495   6.6813   0.0074   5.6464   0.0074 -1187.930
 41  27    483.7    173.3   0.0535   3.2000   0.0167   2.6506   0.0167 -1182.117
 41  28    482.7    174.3   0.0538   4.0139   0.0134   3.3140   0.0134 -1183.735
 41  29    482.7    174.3   0.0538   4.0139   0.0134   3.3140   0.0134 -1183.735
 41  30    478.7    178.3   0.0520   3.1060   0.0167   2.6424   0.0167 -1180.948
 41  31    481.8    175.2   0.0446   2.7636   0.0161   2.3088   0.0161 -1161.548
 41  32    480.9    176.1   0.0561   5.3979   0.0104   4.4630   0.0104 -1187.490
 41  33    479.1    177.9   0.0539   5.7117   0.0094   4.7580   0.0094 -1186.513
 41  34    479.1    177.9   0.0539   5.7117   0.0094   4.7580   0.0094 -1186.513
 41  35    476.9    180.1   0.0614   2.3979   0.0256   2.1061   0.0256 -1203.176
 41  36    476.6    180.4   0.0566   6.2282   0.0091   5.2549   0.0091 -1195.001
 41  37    478.0    179.0   0.0372   1.2252   0.0304   1.0828   0.0304 -1142.556
 41  38    474.9    182.1   0.0262   0.8726   0.0301   0.7826   0.0301 -1115.581
 41  39    475.9    181.1   0.0194   0.9042   0.0215   0.7898   0.0215 -1103.760
 41  40    477.2    179.8   0.0151   0.8861   0.0170   0.7602   0.0170 -1091.055

