Supplemental results for CODEML (seqf: nad1.pal2nal  treef: )


pairwise comparison (Goldman & Yang 1994)
seq seq        N       S       dN       dS     dN/dS   Paras.
  2   1    706.8    229.2   0.0115   0.5874   0.0196   0.4575   0.0196 -1523.104
  3   1    701.0    235.0   0.0422   2.1998   0.0192   1.7515   0.0192 -1690.660
  3   2    705.5    230.5   0.0327   3.8449   0.0085   2.9142   0.0085 -1654.027
  4   1    707.1    228.9   0.0359  16.9447   0.0021  12.5137   0.0021 -1657.921
  4   2    715.1    220.9   0.0292   3.6866   0.0079   2.6771   0.0079 -1614.518
  4   3    707.3    228.7   0.0325   1.2257   0.0265   0.9723   0.0265 -1620.960
  5   1    701.7    234.3   0.0409   8.0398   0.0051   6.1305   0.0051 -1678.401
  5   2    709.8    226.2   0.0324   2.3302   0.0139   1.7633   0.0139 -1631.089
  5   3    702.0    234.0   0.0296   1.2111   0.0245   0.9752   0.0245 -1624.218
  5   4    714.7    221.3   0.0291   1.0322   0.0282   0.7987   0.0282 -1576.684
  6   1    701.0    235.0   0.0393   7.9577   0.0049   6.0834   0.0049 -1676.252
  6   2    709.0    227.0   0.0309   2.2865   0.0135   1.7338   0.0135 -1628.890
  6   3    701.2    234.8   0.0281   1.2295   0.0229   0.9884   0.0229 -1622.110
  6   4    713.9    222.1   0.0276   1.0266   0.0269   0.7938   0.0269 -1574.721
  6   5    708.6    227.4   0.0014   0.0044   0.3251   0.0064   0.3251 -1206.594
  7   1    704.6    231.4   0.0407  17.0358   0.0024  12.7243   0.0024 -1670.737
  7   2    710.9    225.1   0.0325   9.8578   0.0033   7.1860   0.0033 -1628.765
  7   3    703.4    232.6   0.0281   0.9842   0.0286   0.7971   0.0286 -1607.625
  7   4    714.0    222.0   0.0232   1.0133   0.0229   0.7740   0.0229 -1565.798
  7   5    708.3    227.7   0.0101   0.5197   0.0195   0.4023   0.0195 -1486.993
  7   6    707.5    228.5   0.0087   0.5277   0.0164   0.4061   0.0164 -1485.331
  8   1    704.5    231.5   0.0375  18.1497   0.0021  13.5499   0.0021 -1661.383
  8   2    710.4    225.6   0.0294  19.1209   0.0015  13.8944   0.0015 -1619.838
  8   3    703.0    233.0   0.0251   1.0428   0.0241   0.8353   0.0241 -1601.616
  8   4    713.1    222.9   0.0246   1.0268   0.0240   0.7897   0.0240 -1567.674
  8   5    707.5    228.5   0.0072   0.5581   0.0129   0.4250   0.0129 -1479.396
  8   6    706.8    229.2   0.0058   0.5667   0.0102   0.4294   0.0102 -1477.330
  8   7    708.7    227.3   0.0058   0.2956   0.0195   0.2285   0.0195 -1412.136
  9   1    714.9    221.1   0.1558  10.8343   0.0144   8.0345   0.0144 -1883.925
  9   2    717.8    218.2   0.1560   8.4027   0.0186   6.2352   0.0186 -1869.156
  9   3    711.4    224.6   0.1644   6.0122   0.0273   4.7037   0.0273 -1893.983
  9   4    717.6    218.4   0.1566   3.9740   0.0394   3.1418   0.0394 -1857.424
  9   5    711.7    224.3   0.1640  10.6068   0.0155   7.9991   0.0155 -1879.318
  9   6    710.9    225.1   0.1622  10.5963   0.0153   8.0140   0.0153 -1879.044
  9   7    716.6    219.4   0.1599  14.6088   0.0109  10.6388   0.0109 -1863.711
  9   8    715.8    220.2   0.1579  19.5876   0.0081  14.1836   0.0081 -1861.877
 10   1    708.3    227.7   0.1651   6.8607   0.0241   5.3808   0.0241 -1910.310
 10   2    709.4    226.6   0.1653  10.2793   0.0161   7.8418   0.0161 -1901.595
 10   3    703.9    232.1   0.1778   4.6134   0.0385   3.8334   0.0385 -1924.023
 10   4    707.6    228.4   0.1654   4.7653   0.0347   3.8640   0.0347 -1892.191
 10   5    701.6    234.4   0.1715  10.7252   0.0160   8.4447   0.0160 -1909.256
 10   6    700.9    235.1   0.1697  10.6589   0.0159   8.4137   0.0159 -1908.615
 10   7    707.0    229.0   0.1675  12.7838   0.0131   9.7641   0.0131 -1894.435
 10   8    706.8    229.2   0.1656  14.3703   0.0115  10.9331   0.0115 -1891.477
 10   9    721.2    214.8   0.0644   8.5397   0.0075   6.0287   0.0075 -1698.782
 11   1    704.9    231.1   0.1681  11.4926   0.0146   8.8927   0.0146 -1906.881
 11   2    711.8    224.2   0.1691  33.7044   0.0050  24.6007   0.0050 -1889.751
 11   3    704.0    232.0   0.1871   7.9783   0.0234   6.3547   0.0234 -1926.962
 11   4    715.6    220.4   0.1729   4.7547   0.0364   3.7555   0.0364 -1878.210
 11   5    709.9    226.1   0.1790  21.0779   0.0085  15.6792   0.0085 -1895.715
 11   6    709.1    226.9   0.1772  20.9086   0.0085  15.6053   0.0085 -1895.608
 11   7    710.6    225.4   0.1766  10.2386   0.0172   7.7994   0.0172 -1885.271
 11   8    709.6    226.4   0.1745  11.2962   0.0154   8.5920   0.0154 -1883.290
 11   9    716.7    219.3   0.0526   4.2643   0.0123   3.1177   0.0123 -1657.445
 11  10    706.7    229.3   0.0592  19.1062   0.0031  14.1784   0.0031 -1702.986
 12   1    713.5    222.5   0.1495  11.6462   0.0128   8.6466   0.0128 -1881.104
 12   2    719.3    216.7   0.1507   7.0597   0.0214   5.2501   0.0214 -1863.228
 12   3    711.9    224.1   0.1721  23.5828   0.0073  17.3285   0.0073 -1908.168
 12   4    722.1    213.9   0.1519  24.9699   0.0061  17.4728   0.0061 -1854.087
 12   5    716.6    219.4   0.1640   8.3893   0.0195   6.2769   0.0195 -1875.443
 12   6    715.7    220.3   0.1622   8.2316   0.0197   6.1832   0.0197 -1875.246
 12   7    718.5    217.5   0.1604  29.6334   0.0054  21.0318   0.0054 -1864.459
 12   8    717.5    218.5   0.1584   8.7958   0.0180   6.5243   0.0180 -1861.363
 12   9    726.1    209.9   0.0625   4.6499   0.0134   3.2737   0.0134 -1679.908
 12  10    716.9    219.1   0.0540  22.6820   0.0024  16.0508   0.0024 -1692.050
 12  11    719.3    216.7   0.0352   0.6309   0.0559   0.5194   0.0559 -1562.899
 13   1    704.1    231.9   0.1593  15.9477   0.0100  12.2124   0.0100 -1894.345
 13   2    712.7    223.3   0.1512  69.3867   0.0022  50.0000   0.0022 -1863.375
 13   3    704.3    231.7   0.1653   9.6236   0.0172   7.5193   0.0172 -1898.228
 13   4    718.3    217.7   0.1580  25.9866   0.0061  18.4987   0.0061 -1857.382
 13   5    713.3    222.7   0.1567  11.7761   0.0133   8.7634   0.0133 -1861.379
 13   6    712.5    223.5   0.1550  11.5160   0.0135   8.6029   0.0135 -1861.233
 13   7    711.3    224.7   0.1532  10.9743   0.0140   8.2522   0.0140 -1852.161
 13   8    710.7    225.3   0.1531  15.1674   0.0101  11.3027   0.0101 -1851.518
 13   9    713.0    223.0   0.0575   3.5244   0.0163   2.6508   0.0163 -1675.918
 13  10    703.1    232.9   0.0516   7.2536   0.0071   5.5299   0.0071 -1690.542
 13  11    712.8    223.2   0.0450   2.0358   0.0221   1.5589   0.0221 -1637.067
 13  12    718.7    217.3   0.0426   1.6395   0.0260   1.2401   0.0260 -1627.352
 14   1    705.2    230.8   0.1521   6.7614   0.0225   5.3464   0.0225 -1886.216
 14   2    710.6    225.4   0.1514   6.3861   0.0237   4.9583   0.0237 -1867.154
 14   3    703.4    232.6   0.1715   5.5005   0.0312   4.4868   0.0312 -1909.016
 14   4    713.0    223.0   0.1491   3.6490   0.0408   2.9490   0.0408 -1849.764
 14   5    707.3    228.7   0.1603  15.9177   0.0101  12.0315   0.0101 -1877.216
 14   6    706.5    229.5   0.1585  15.7624   0.0101  11.9520   0.0101 -1876.931
 14   7    709.1    226.9   0.1584   4.8782   0.0325   3.9082   0.0325 -1864.794
 14   8    708.4    227.6   0.1560   5.5372   0.0282   4.3934   0.0282 -1863.007
 14   9    717.1    218.9   0.0553   4.0037   0.0138   2.9364   0.0138 -1665.925
 14  10    708.1    227.9   0.0401   3.0332   0.0132   2.3067   0.0132 -1654.203
 14  11    709.9    226.1   0.0384   0.9906   0.0387   0.8051   0.0387 -1609.206
 14  12    718.0    218.0   0.0321   1.1856   0.0270   0.9022   0.0270 -1602.297
 14  13    710.1    225.9   0.0339   2.1234   0.0160   1.6144   0.0160 -1617.305
 15   1    708.0    228.0   0.1574   7.5323   0.0209   5.8618   0.0209 -1888.089
 15   2    713.5    222.5   0.1549   8.7238   0.0178   6.5744   0.0178 -1867.820
 15   3    706.2    229.8   0.1757   8.5686   0.0205   6.7092   0.0205 -1909.584
 15   4    715.9    220.1   0.1610   4.1685   0.0386   3.3100   0.0386 -1860.823
 15   5    710.0    226.0   0.1627  20.3326   0.0080  15.0954   0.0080 -1874.257
 15   6    709.2    226.8   0.1609  20.0122   0.0080  14.9104   0.0080 -1874.066
 15   7    712.5    223.5   0.1620   8.4381   0.0192   6.4148   0.0192 -1863.345
 15   8    711.5    224.5   0.1589  62.1886   0.0026  45.1153   0.0026 -1860.613
 15   9    721.3    214.7   0.0619   2.9302   0.0211   2.1593   0.0211 -1668.780
 15  10    711.7    224.3   0.0416  13.3544   0.0031   9.6962   0.0031 -1654.188
 15  11    713.4    222.6   0.0375   1.0303   0.0364   0.8210   0.0364 -1596.220
 15  12    721.7    214.3   0.0303   1.2058   0.0251   0.8983   0.0251 -1582.973
 15  13    712.3    223.7   0.0310  30.9718   0.0010  22.2768   0.0010 -1603.933
 15  14    712.2    223.8   0.0159   1.1495   0.0138   0.8609   0.0138 -1545.550
 16   1    708.4    227.6   0.1628   7.4028   0.0220   5.7701   0.0220 -1899.517
 16   2    714.6    221.4   0.1602  11.7529   0.0136   8.7063   0.0136 -1878.873
 16   3    707.1    228.9   0.1786  15.2507   0.0117  11.5914   0.0117 -1919.474
 16   4    717.7    218.3   0.1630  16.0714   0.0101  11.6179   0.0101 -1870.435
 16   5    712.2    223.8   0.1692  69.1717   0.0024  50.0000   0.0024 -1886.440
 16   6    711.4    224.6   0.1674  68.9304   0.0024  50.0000   0.0024 -1886.307
 16   7    713.5    222.5   0.1667  27.1801   0.0061  19.7685   0.0061 -1876.117
 16   8    712.6    223.4   0.1645  69.3136   0.0024  50.0000   0.0024 -1873.863
 16   9    720.3    215.7   0.0633   4.6969   0.0135   3.3930   0.0135 -1685.626
 16  10    711.0    225.0   0.0416   8.7128   0.0048   6.3795   0.0048 -1660.827
 16  11    714.5    221.5   0.0428   1.1794   0.0363   0.9354   0.0363 -1623.592
 16  12    722.0    214.0   0.0323   1.5828   0.0204   1.1603   0.0204 -1609.496
 16  13    714.9    221.1   0.0383   2.0672   0.0185   1.5525   0.0185 -1626.390
 16  14    713.0    223.0   0.0202   0.7771   0.0260   0.6018   0.0260 -1546.144
 16  15    716.4    219.6   0.0187   0.7302   0.0256   0.5570   0.0256 -1521.138
 17   1    708.4    227.6   0.1571  11.0727   0.0142   8.4350   0.0142 -1889.356
 17   2    714.7    221.3   0.1564   7.2291   0.0216   5.4851   0.0216 -1867.900
 17   3    707.1    228.9   0.1764  37.9421   0.0046  28.2332   0.0046 -1912.510
 17   4    717.9    218.1   0.1567  71.0104   0.0022  50.0000   0.0022 -1857.581
 17   5    712.2    223.8   0.1650  69.1948   0.0024  50.0000   0.0024 -1875.137
 17   6    711.4    224.6   0.1632  68.9527   0.0024  50.0000   0.0024 -1875.084
 17   7    713.6    222.4   0.1625  26.0756   0.0062  18.9553   0.0062 -1863.975
 17   8    712.7    223.3   0.1604  69.3578   0.0023  50.0000   0.0023 -1861.893
 17   9    720.8    215.2   0.0568   2.1840   0.0260   1.6379   0.0260 -1659.683
 17  10    711.0    225.0   0.0400  14.3720   0.0028  10.4545   0.0028 -1651.500
 17  11    714.7    221.3   0.0368   0.9713   0.0379   0.7731   0.0379 -1595.871
 17  12    722.4    213.6   0.0303   1.3384   0.0226   0.9863   0.0226 -1586.188
 17  13    714.9    221.1   0.0291   3.0732   0.0095   2.2442   0.0095 -1594.617
 17  14    713.1    222.9   0.0158   0.7866   0.0201   0.5981   0.0201 -1522.065
 17  15    716.7    219.3   0.0143   1.1922   0.0120   0.8708   0.0120 -1526.396
 17  16    717.5    218.5   0.0157   0.7988   0.0196   0.5957   0.0196 -1519.243
 18   1    707.4    228.6   0.1594   9.2371   0.0173   7.1295   0.0173 -1906.523
 18   2    712.7    223.3   0.1550   9.7956   0.0158   7.3649   0.0158 -1884.177
 18   3    705.6    230.4   0.1718   6.1165   0.0281   4.9053   0.0281 -1921.075
 18   4    715.0    221.0   0.1585   5.8780   0.0270   4.5260   0.0270 -1876.256
 18   5    709.6    226.4   0.1626   8.0008   0.0203   6.1751   0.0203 -1890.196
 18   6    708.8    227.2   0.1608   7.9506   0.0202   6.1543   0.0202 -1889.794
 18   7    711.3    224.7   0.1593  11.0974   0.0144   8.3548   0.0144 -1880.461
 18   8    710.7    225.3   0.1571  20.4909   0.0077  15.1552   0.0077 -1878.002
 18   9    719.0    217.0   0.0443   2.0707   0.0214   1.5423   0.0214 -1635.880
 18  10    710.5    225.5   0.0449  17.6494   0.0025  12.8559   0.0025 -1679.863
 18  11    712.1    223.9   0.0464   2.2393   0.0207   1.7131   0.0207 -1654.795
 18  12    719.8    216.2   0.0380   2.5706   0.0148   1.8692   0.0148 -1636.172
 18  13    712.1    223.9   0.0278   1.4802   0.0188   1.1256   0.0188 -1591.749
 18  14    711.1    224.9   0.0323   2.5103   0.0129   1.8832   0.0129 -1624.964
 18  15    714.3    221.7   0.0324   3.1133   0.0104   2.2866   0.0104 -1619.797
 18  16    715.0    221.0   0.0355  35.5033   0.0010  25.2331   0.0010 -1636.941
 18  17    715.2    220.8   0.0276  15.8350   0.0017  11.2716   0.0017 -1606.253
 19   1    709.4    226.6   0.1514  12.9943   0.0117   9.7806   0.0117 -1881.941
 19   2    715.0    221.0   0.1482  70.1110   0.0021  50.0000   0.0021 -1860.501
 19   3    707.6    228.4   0.1646  67.7783   0.0024  50.0000   0.0024 -1899.261
 19   4    717.4    218.6   0.1508   7.6514   0.0197   5.7076   0.0197 -1849.287
 19   5    711.6    224.4   0.1539  69.0404   0.0022  50.0000   0.0022 -1864.029
 19   6    710.8    225.2   0.1521  68.7970   0.0022  50.0000   0.0022 -1863.781
 19   7    714.0    222.0   0.1520  10.6644   0.0143   7.9365   0.0143 -1851.371
 19   8    713.0    223.0   0.1492  69.4732   0.0021  50.0000   0.0021 -1849.553
 19   9    722.6    213.4   0.0442   2.1575   0.0205   1.5782   0.0205 -1621.336
 19  10    713.1    222.9   0.0354   8.9929   0.0039   6.5058   0.0039 -1635.346
 19  11    714.8    221.2   0.0417   2.3192   0.0180   1.7398   0.0180 -1625.681
 19  12    723.0    213.0   0.0379   1.6162   0.0234   1.1912   0.0234 -1609.702
 19  13    713.8    222.2   0.0277   1.5959   0.0174   1.2002   0.0174 -1582.519
 19  14    713.7    222.3   0.0262   1.8846   0.0139   1.4030   0.0139 -1577.312
 19  15    717.6    218.4   0.0247   2.2613   0.0109   1.6397   0.0109 -1573.755
 19  16    717.8    218.2   0.0276   2.2750   0.0121   1.6547   0.0121 -1591.919
 19  17    718.1    217.9   0.0201   2.2855   0.0088   1.6423   0.0088 -1559.180
 19  18    715.6    220.4   0.0115   0.7148   0.0161   0.5312   0.0161 -1507.034
 20   1    716.3    219.7   0.1570  11.4738   0.0137   8.4412   0.0137 -1887.286
 20   2    721.8    214.2   0.1546  14.2828   0.0108  10.1653   0.0108 -1864.445
 20   3    714.5    221.5   0.1693   7.8223   0.0216   5.9411   0.0216 -1902.318
 20   4    724.1    211.9   0.1565   6.2994   0.0249   4.6415   0.0249 -1851.403
 20   5    718.5    217.5   0.1604  11.5134   0.0139   8.3950   0.0139 -1867.853
 20   6    717.7    218.3   0.1586  11.3166   0.0140   8.2835   0.0140 -1867.896
 20   7    721.1    214.9   0.1572  11.0978   0.0142   8.0075   0.0142 -1854.998
 20   8    720.1    215.9   0.1550  17.6103   0.0088  12.5421   0.0088 -1853.317
 20   9    729.6    206.4   0.0439   2.7688   0.0158   1.9346   0.0158 -1617.728
 20  10    720.4    215.6   0.0442  12.9724   0.0034   9.0672   0.0034 -1658.990
 20  11    721.9    214.1   0.0503   6.3839   0.0079   4.4978   0.0079 -1645.679
 20  12    729.7    206.3   0.0420   2.5236   0.0166   1.7666   0.0166 -1618.036
 20  13    720.7    215.3   0.0319   2.1557   0.0148   1.5613   0.0148 -1591.551
 20  14    720.7    215.3   0.0333   2.6357   0.0126   1.8954   0.0126 -1604.627
 20  15    724.6    211.4   0.0333   1.8530   0.0180   1.3327   0.0180 -1591.095
 20  16    724.7    211.3   0.0366  36.5558   0.0010  24.8473   0.0010 -1615.796
 20  17    725.1    210.9   0.0287   1.8309   0.0157   1.3042   0.0157 -1578.285
 20  18    722.5    213.5   0.0085   0.7929   0.0107   0.5623   0.0107 -1492.018
 20  19    725.9    210.1   0.0113   0.9122   0.0124   0.6404   0.0124 -1491.988
 21   1    715.6    220.4   0.1572  11.6170   0.0135   8.5655   0.0135 -1889.745
 21   2    721.2    214.8   0.1547  15.7775   0.0098  11.2210   0.0098 -1867.201
 21   3    713.9    222.1   0.1695   8.8523   0.0191   6.6881   0.0191 -1904.965
 21   4    723.6    212.4   0.1565   7.4996   0.0209   5.4685   0.0209 -1854.831
 21   5    718.0    218.0   0.1607   9.1931   0.0175   6.7922   0.0175 -1870.526
 21   6    717.2    218.8   0.1590   9.0600   0.0175   6.7188   0.0175 -1870.509
 21   7    720.5    215.5   0.1575   9.5016   0.0166   6.9271   0.0166 -1858.126
 21   8    719.5    216.5   0.1557   9.1108   0.0171   6.6798   0.0171 -1856.135
 21   9    728.8    207.2   0.0439   3.0985   0.0142   2.1605   0.0142 -1622.783
 21  10    719.6    216.4   0.0443  13.4252   0.0033   9.4119   0.0033 -1662.059
 21  11    721.3    214.7   0.0504   4.8726   0.0103   3.4698   0.0103 -1648.503
 21  12    729.1    206.9   0.0420   2.7802   0.0151   1.9422   0.0151 -1623.024
 21  13    720.3    215.7   0.0319   2.1583   0.0148   1.5660   0.0148 -1594.183
 21  14    720.1    215.9   0.0333   3.0621   0.0109   2.1956   0.0109 -1608.561
 21  15    723.9    212.1   0.0333   1.9476   0.0171   1.4010   0.0171 -1595.599
 21  16    724.0    212.0   0.0366  36.5766   0.0010  24.9336   0.0010 -1619.071
 21  17    724.5    211.5   0.0287   1.9254   0.0149   1.3720   0.0149 -1582.816
 21  18    721.9    214.1   0.0085   0.7979   0.0106   0.5673   0.0106 -1494.019
 21  19    725.3    210.7   0.0113   0.9404   0.0120   0.6615   0.0120 -1497.625
 21  20    731.9    204.1   0.0000   0.0145   0.0010   0.0095   0.0010 -1186.852
 22   1    713.8    222.2   0.1520  13.6069   0.0112  10.0392   0.0112 -1873.430
 22   2    718.9    217.1   0.1476  13.3992   0.0110   9.6617   0.0110 -1849.049
 22   3    711.5    224.5   0.1679  16.5598   0.0101  12.2997   0.0101 -1892.892
 22   4    720.9    215.1   0.1507   7.8764   0.0191   5.7787   0.0191 -1840.697
 22   5    715.0    221.0   0.1584   6.0623   0.0261   4.6566   0.0261 -1856.862
 22   6    714.2    221.8   0.1566   6.0331   0.0260   4.6474   0.0260 -1856.797
 22   7    718.1    217.9   0.1507  11.1342   0.0135   8.1220   0.0135 -1838.263
 22   8    717.0    219.0   0.1520  13.6968   0.0111   9.9625   0.0111 -1840.866
 22   9    727.7    208.3   0.0582   5.7415   0.0101   3.9688   0.0101 -1651.907
 22  10    718.2    217.8   0.0459  11.4996   0.0040   8.1332   0.0040 -1652.535
 22  11    718.8    217.2   0.0446  44.6273   0.0010  31.1722   0.0010 -1626.587
 22  12    727.2    208.8   0.0380   2.2671   0.0167   1.6055   0.0167 -1604.839
 22  13    716.7    219.3   0.0306   1.8717   0.0164   1.3857   0.0164 -1586.550
 22  14    717.9    218.1   0.0321  32.0926   0.0010  22.5083   0.0010 -1600.456
 22  15    722.2    213.8   0.0261  15.2121   0.0017  10.4865   0.0017 -1572.123
 22  16    721.8    214.2   0.0337  33.6841   0.0010  23.1989   0.0010 -1602.574
 22  17    722.3    213.7   0.0245  24.5429   0.0010  16.8651   0.0010 -1566.840
 22  18    719.8    216.2   0.0232   2.2847   0.0101   1.6369   0.0101 -1579.805
 22  19    723.4    212.6   0.0202   3.1142   0.0065   2.1686   0.0065 -1549.442
 22  20    730.4    205.6   0.0286   1.8959   0.0151   1.3161   0.0151 -1561.578
 22  21    729.7    206.3   0.0286   2.0129   0.0142   1.3980   0.0142 -1567.677
 23   1    712.1    223.9   0.1503  13.4246   0.0112   9.9765   0.0112 -1872.277
 23   2    717.8    218.2   0.1459  13.5940   0.0107   9.8438   0.0107 -1847.261
 23   3    710.2    225.8   0.1662  14.8229   0.0112  11.1079   0.0112 -1891.385
 23   4    720.2    215.8   0.1492   6.0081   0.0248   4.4996   0.0248 -1837.839
 23   5    714.4    221.6   0.1565   5.3696   0.0292   4.1715   0.0292 -1853.570
 23   6    713.6    222.4   0.1548   5.3530   0.0289   4.1695   0.0289 -1853.496
 23   7    716.9    219.1   0.1492   7.2108   0.0207   5.4059   0.0207 -1836.341
 23   8    715.8    220.2   0.1508   6.3527   0.0237   4.8286   0.0237 -1837.527
 23   9    725.6    210.4   0.0568   3.3867   0.0168   2.4161   0.0168 -1649.607
 23  10    715.9    220.1   0.0445  11.7922   0.0038   8.4200   0.0038 -1650.798
 23  11    717.7    218.3   0.0447   3.7782   0.0118   2.7461   0.0118 -1628.456
 23  12    725.9    210.1   0.0365   2.2224   0.0164   1.5816   0.0164 -1600.913
 23  13    716.4    219.6   0.0291   1.7414   0.0167   1.2925   0.0167 -1580.627
 23  14    716.6    219.4   0.0307  30.6738   0.0010  21.6445   0.0010 -1597.170
 23  15    720.6    215.4   0.0246   9.9664   0.0025   6.9360   0.0025 -1568.955
 23  16    720.6    215.4   0.0322  32.2222   0.0010  22.3153   0.0010 -1599.216
 23  17    721.1    214.9   0.0231  23.1013   0.0010  15.9656   0.0010 -1563.182
 23  18    718.4    217.6   0.0217   2.5214   0.0086   1.8081   0.0086 -1575.636
 23  19    721.9    214.1   0.0187   2.4431   0.0076   1.7195   0.0076 -1543.760
 23  20    728.9    207.1   0.0271   2.0118   0.0135   1.3986   0.0135 -1560.539
 23  21    728.2    207.8   0.0272   2.1587   0.0126   1.5009   0.0126 -1566.421
 23  22    726.5    209.5   0.0014   0.0745   0.0188   0.0533   0.0188 -1243.973
 24   1    712.8    223.2   0.1554  12.3507   0.0126   9.1897   0.0126 -1885.659
 24   2    720.6    215.4   0.1503  71.9336   0.0021  50.0000   0.0021 -1857.690
 24   3    712.7    223.3   0.1660  69.3193   0.0024  50.0000   0.0024 -1898.199
 24   4    725.3    210.7   0.1528  73.5277   0.0021  50.0000   0.0021 -1847.035
 24   5    720.2    215.8   0.1566  71.7620   0.0022  50.0000   0.0022 -1859.319
 24   6    719.4    216.6   0.1540  71.4993   0.0022  50.0000   0.0022 -1859.290
 24   7    719.7    216.3   0.1544  71.6181   0.0022  50.0000   0.0022 -1851.236
 24   8    718.8    217.2   0.1522  71.3296   0.0021  50.0000   0.0021 -1847.781
 24   9    723.6    212.4   0.0551  14.6284   0.0038  10.0870   0.0038 -1660.727
 24  10    713.7    222.3   0.0524  14.4564   0.0036  10.4191   0.0036 -1684.464
 24  11    721.1    214.9   0.0583   1.8639   0.0313   1.4185   0.0313 -1662.173
 24  12    727.5    208.5   0.0466   1.7849   0.0261   1.3015   0.0261 -1625.107
 24  13    723.2    212.8   0.0393   1.7584   0.0223   1.2901   0.0223 -1601.980
 24  14    718.7    217.3   0.0351  35.1057   0.0010  24.5287   0.0010 -1614.098
 24  15    721.7    214.3   0.0350  24.8027   0.0014  17.1171   0.0014 -1605.728
 24  16    723.3    212.7   0.0394  28.3145   0.0014  19.3950   0.0014 -1622.273
 24  17    723.5    212.5   0.0334   9.9880   0.0033   6.8794   0.0033 -1597.186
 24  18    720.5    215.5   0.0364   2.3230   0.0157   1.6884   0.0157 -1622.319
 24  19    723.1    212.9   0.0289   1.7639   0.0164   1.2707   0.0164 -1575.019
 24  20    729.7    206.3   0.0363   2.2027   0.0165   1.5411   0.0165 -1592.010
 24  21    729.2    206.8   0.0363   2.3078   0.0157   1.6145   0.0157 -1596.140
 24  22    726.6    209.4   0.0276   1.8928   0.0146   1.3346   0.0146 -1564.533
 24  23    725.8    210.2   0.0261   1.6886   0.0155   1.1980   0.0155 -1557.010
 25   1    709.8    226.2   0.1623  12.6473   0.0128   9.5404   0.0128 -1900.254
 25   2    715.9    220.1   0.1631  70.3380   0.0023  50.0000   0.0023 -1882.714
 25   3    708.3    227.7   0.1759  67.9604   0.0026  50.0000   0.0026 -1916.521
 25   4    718.9    217.1   0.1633  60.5232   0.0027  42.4936   0.0027 -1870.796
 25   5    713.4    222.6   0.1677   9.5552   0.0176   7.2017   0.0176 -1881.706
 25   6    712.6    223.4   0.1659   9.5524   0.0174   7.2201   0.0174 -1881.588
 25   7    714.8    221.2   0.1647  10.9822   0.0150   8.1627   0.0150 -1871.246
 25   8    713.9    222.1   0.1624  10.2544   0.0158   7.6699   0.0158 -1867.708
 25   9    721.9    214.1   0.0535  17.8539   0.0030  12.3747   0.0030 -1661.306
 25  10    712.6    223.4   0.0478  20.7380   0.0023  14.9597   0.0023 -1673.228
 25  11    715.7    220.3   0.0523  22.2317   0.0024  15.8144   0.0024 -1658.731
 25  12    723.3    212.7   0.0438   1.6789   0.0261   1.2460   0.0261 -1626.244
 25  13    715.8    220.2   0.0427   1.3267   0.0322   1.0343   0.0322 -1620.755
 25  14    714.3    221.7   0.0413  28.1179   0.0015  20.0722   0.0015 -1638.076
 25  15    717.8    218.2   0.0382  13.2614   0.0029   9.3614   0.0029 -1620.975
 25  16    718.5    217.5   0.0458  13.3812   0.0034   9.4346   0.0034 -1647.543
 25  17    718.8    217.2   0.0364   1.4416   0.0253   1.0875   0.0253 -1603.721
 25  18    716.2    219.8   0.0337   1.5170   0.0222   1.1460   0.0222 -1616.289
 25  19    719.2    216.8   0.0291   1.2844   0.0227   0.9597   0.0227 -1574.925
 25  20    726.1    209.9   0.0332   2.0217   0.0164   1.4375   0.0164 -1596.360
 25  21    725.4    210.6   0.0332   2.1595   0.0154   1.5346   0.0154 -1600.605
 25  22    723.3    212.7   0.0277   1.8590   0.0149   1.3316   0.0149 -1573.607
 25  23    722.1    213.9   0.0262   1.5847   0.0166   1.1474   0.0166 -1567.788
 25  24    724.4    211.6   0.0215   1.2842   0.0167   0.9210   0.0167 -1544.091
 26   1    717.0    219.0   0.1568   9.5312   0.0164   7.0516   0.0164 -1878.791
 26   2    720.6    215.4   0.1562   7.1563   0.0218   5.3020   0.0218 -1859.468
 26   3    713.6    222.4   0.1681  26.4912   0.0063  19.2690   0.0063 -1892.669
 26   4    721.1    214.9   0.1519   5.1998   0.0292   3.9333   0.0292 -1842.773
 26   5    715.2    220.8   0.1584  12.0355   0.0132   8.8804   0.0132 -1859.134
 26   6    714.4    221.6   0.1566  11.6827   0.0134   8.6562   0.0134 -1859.057
 26   7    719.4    216.6   0.1548  16.4973   0.0094  11.8119   0.0094 -1843.628
 26   8    718.6    217.4   0.1524  33.0734   0.0046  23.3986   0.0046 -1840.195
 26   9    730.7    205.3   0.0560   2.3859   0.0235   1.7011   0.0235 -1645.062
 26  10    722.4    213.6   0.0518   7.8685   0.0066   5.5073   0.0066 -1664.597
 26  11    719.5    216.5   0.0550   2.0494   0.0269   1.5489   0.0269 -1649.247
 26  12    728.5    207.5   0.0466   1.5764   0.0296   1.1571   0.0296 -1618.646
 26  13    716.6    219.4   0.0411   1.1690   0.0351   0.9163   0.0351 -1602.541
 26  14    719.6    216.4   0.0395   1.6022   0.0247   1.2023   0.0247 -1614.788
 26  15    723.6    212.4   0.0378  15.1303   0.0025  10.3861   0.0025 -1605.016
 26  16    723.0    213.0   0.0454   1.9856   0.0229   1.4606   0.0229 -1631.972
 26  17    723.4    212.6   0.0347   1.7886   0.0194   1.2991   0.0194 -1594.033
 26  18    721.5    214.5   0.0349   1.8093   0.0193   1.3247   0.0193 -1608.883
 26  19    724.9    211.1   0.0273   1.6107   0.0170   1.1534   0.0170 -1567.923
 26  20    732.0    204.0   0.0343   1.6293   0.0211   1.1459   0.0211 -1578.572
 26  21    731.2    204.8   0.0344   1.7009   0.0202   1.1969   0.0202 -1583.719
 26  22    729.8    206.2   0.0228   1.5144   0.0151   1.0545   0.0151 -1538.467
 26  23    727.8    208.2   0.0243   1.5729   0.0155   1.1063   0.0155 -1548.786
 26  24    726.8    209.2   0.0199   1.2869   0.0155   0.9093   0.0155 -1532.806
 26  25    724.5    211.5   0.0171   0.6165   0.0278   0.4576   0.0278 -1495.875
 27   1    712.6    223.4   0.1620   6.6795   0.0243   5.1537   0.0243 -1887.997
 27   2    717.4    218.6   0.1616   6.8979   0.0234   5.2052   0.0234 -1868.862
 27   3    710.0    226.0   0.1757  28.0202   0.0063  20.6933   0.0063 -1905.841
 27   4    719.0    217.0   0.1593  12.8191   0.0124   9.2811   0.0124 -1854.458
 27   5    713.3    222.7   0.1652  16.2431   0.0102  11.9714   0.0102 -1870.055
 27   6    712.5    223.5   0.1634  16.0109   0.0102  11.8422   0.0102 -1870.035
 27   7    716.2    219.8   0.1602  14.8217   0.0108  10.8117   0.0108 -1853.697
 27   8    715.4    220.6   0.1601   9.1656   0.0175   6.8488   0.0175 -1852.624
 27   9    725.5    210.5   0.0533  13.1176   0.0041   8.9738   0.0041 -1647.025
 27  10    716.7    219.3   0.0522   7.7073   0.0068   5.5383   0.0068 -1672.976
 27  11    716.7    219.3   0.0554   2.3454   0.0236   1.7761   0.0236 -1656.584
 27  12    725.0    211.0   0.0483   1.4510   0.0333   1.0935   0.0333 -1627.954
 27  13    715.3    220.7   0.0397   1.2033   0.0330   0.9420   0.0330 -1603.970
 27  14    716.1    219.9   0.0413   1.6581   0.0249   1.2635   0.0249 -1620.438
 27  15    719.8    216.2   0.0380   9.8180   0.0039   6.8913   0.0039 -1609.275
 27  16    719.9    216.1   0.0457   2.0770   0.0220   1.5442   0.0220 -1632.814
 27  17    720.2    215.8   0.0364   1.6365   0.0222   1.2159   0.0222 -1597.174
 27  18    718.0    218.0   0.0351  11.1562   0.0031   7.8757   0.0031 -1620.087
 27  19    721.1    214.9   0.0305   1.5537   0.0196   1.1406   0.0196 -1580.372
 27  20    728.2    207.8   0.0375   1.8440   0.0203   1.3156   0.0203 -1595.585
 27  21    727.5    208.5   0.0375   1.9442   0.0193   1.3867   0.0193 -1600.411
 27  22    725.6    210.4   0.0217   1.6953   0.0128   1.1935   0.0128 -1541.991
 27  23    724.0    212.0   0.0232   1.7616   0.0132   1.2506   0.0132 -1549.818
 27  24    724.7    211.3   0.0229   0.9894   0.0232   0.7234   0.0232 -1531.655
 27  25    721.2    214.8   0.0186   0.5624   0.0332   0.4302   0.0332 -1492.803
 27  26    727.6    208.4   0.0099   0.2115   0.0467   0.1643   0.0467 -1363.438
 28   1    725.4    210.6   0.1491  10.1578   0.0147   7.2037   0.0147 -1860.551
 28   2    728.4    207.6   0.1453  16.5196   0.0088  11.3325   0.0088 -1839.563
 28   3    721.8    214.2   0.1605  18.0506   0.0089  12.7642   0.0089 -1877.042
 28   4    728.2    207.8   0.1474  10.9297   0.0135   7.6235   0.0135 -1831.392
 28   5    722.3    213.7   0.1511  19.2256   0.0079  13.5195   0.0079 -1845.912
 28   6    721.5    214.5   0.1494  18.7917   0.0080  13.2676   0.0080 -1845.843
 28   7    727.7    208.3   0.1476  17.0779   0.0086  11.7451   0.0086 -1828.190
 28   8    726.7    209.3   0.1451  74.0228   0.0020  50.0000   0.0020 -1825.724
 28   9    740.5    195.5   0.0493   1.9508   0.0253   1.3391   0.0253 -1610.867
 28  10    732.3    203.7   0.0403  16.5605   0.0024  10.9083   0.0024 -1623.425
 28  11    727.8    208.2   0.0529   8.9103   0.0059   6.0702   0.0059 -1638.472
 28  12    737.1    198.9   0.0445  14.6097   0.0030   9.4209   0.0030 -1614.350
 28  13    723.0    213.0   0.0317   2.2462   0.0141   1.6067   0.0141 -1581.085
 28  14    728.1    207.9   0.0330   3.7721   0.0087   2.5910   0.0087 -1590.296
 28  15    732.7    203.3   0.0299  22.6691   0.0013  14.8388   0.0013 -1571.053
 28  16    731.2    204.8   0.0374  37.4045   0.0010  24.6355   0.0010 -1602.277
 28  17    731.9    204.1   0.0284   3.1045   0.0092   2.0980   0.0092 -1567.753
 28  18    729.7    206.3   0.0271   2.2040   0.0123   1.5206   0.0123 -1573.571
 28  19    733.9    202.1   0.0211   2.1915   0.0096   1.4693   0.0096 -1535.579
 28  20    740.7    195.3   0.0252   2.7663   0.0091   1.7916   0.0091 -1545.092
 28  21    739.8    196.2   0.0252   2.7174   0.0093   1.7684   0.0093 -1548.039
 28  22    739.2    196.8   0.0198   1.7632   0.0112   1.1593   0.0112 -1516.178
 28  23    736.9    199.1   0.0184   1.9329   0.0095   1.2765   0.0095 -1515.313
 28  24    734.0    202.0   0.0183   2.6132   0.0070   1.7345   0.0070 -1534.998
 28  25    732.9    203.1   0.0197   1.2971   0.0152   0.8909   0.0152 -1530.137
 28  26    741.9    194.1   0.0209   1.6039   0.0130   1.0474   0.0130 -1520.062
 28  27    736.6    199.4   0.0239   1.4044   0.0170   0.9540   0.0170 -1533.254
 29   1    713.0    223.0   0.1664   7.3387   0.0227   5.6249   0.0227 -1907.845
 29   2    716.1    219.9   0.1596  10.6581   0.0150   7.8792   0.0150 -1886.365
 29   3    709.6    226.4   0.1796   4.6218   0.0389   3.7624   0.0389 -1921.244
 29   4    716.2    219.8   0.1651   6.5822   0.0251   5.0165   0.0251 -1883.517
 29   5    710.5    225.5   0.1691   5.9707   0.0283   4.7000   0.0283 -1892.741
 29   6    709.8    226.2   0.1673   5.9697   0.0280   4.7094   0.0280 -1892.403
 29   7    714.5    221.5   0.1660   5.3079   0.0313   4.1480   0.0313 -1879.431
 29   8    714.0    222.0   0.1637   4.7453   0.0345   3.7511   0.0345 -1874.690
 29   9    725.8    210.2   0.0581   1.7794   0.0326   1.3338   0.0326 -1671.296
 29  10    718.4    217.6   0.0460   4.2333   0.0109   3.0581   0.0109 -1664.896
 29  11    714.6    221.4   0.0557   1.4035   0.0397   1.1236   0.0397 -1673.569
 29  12    723.5    212.5   0.0500   1.2704   0.0394   0.9812   0.0394 -1649.208
 29  13    712.1    223.9   0.0338   1.4003   0.0241   1.0819   0.0241 -1612.281
 29  14    714.9    221.1   0.0413   1.7487   0.0236   1.3336   0.0236 -1644.964
 29  15    718.5    217.5   0.0366  15.5234   0.0024  10.9048   0.0024 -1629.338
 29  16    718.1    217.9   0.0397  22.3139   0.0018  15.6722   0.0018 -1642.926
 29  17    718.4    217.6   0.0335   1.5839   0.0211   1.1817   0.0211 -1612.014
 29  18    716.9    219.1   0.0381   1.4667   0.0260   1.1178   0.0260 -1634.527
 29  19    719.8    216.2   0.0320   1.6185   0.0197   1.1953   0.0197 -1603.272
 29  20    726.8    209.2   0.0390   1.4832   0.0263   1.0854   0.0263 -1612.924
 29  21    726.0    210.0   0.0390   1.5863   0.0246   1.1582   0.0246 -1619.226
 29  22    724.5    211.5   0.0289   1.6365   0.0177   1.1764   0.0177 -1590.113
 29  23    722.6    213.4   0.0275   1.4358   0.0191   1.0455   0.0191 -1581.440
 29  24    721.9    214.1   0.0200   1.2756   0.0157   0.9218   0.0157 -1560.722
 29  25    719.6    216.4   0.0216   0.6939   0.0311   0.5311   0.0311 -1543.365
 29  26    727.5    208.5   0.0213   0.5772   0.0370   0.4355   0.0370 -1510.052
 29  27    722.7    213.3   0.0229   0.6082   0.0377   0.4689   0.0377 -1528.989
 29  28    736.7    199.3   0.0210   1.7813   0.0118   1.1874   0.0118 -1549.998
 30   1    713.3    222.7   0.1620   4.6425   0.0349   3.6839   0.0349 -1892.291
 30   2    717.9    218.1   0.1580   5.6688   0.0279   4.3262   0.0279 -1871.581
 30   3    710.9    225.1   0.1732  10.8722   0.0159   8.2386   0.0159 -1910.007
 30   4    719.4    216.6   0.1589  10.5674   0.0150   7.7018   0.0150 -1864.209
 30   5    713.8    222.2   0.1630   9.2995   0.0175   6.9972   0.0175 -1875.676
 30   6    713.0    223.0   0.1612   9.2922   0.0173   7.0110   0.0173 -1875.535
 30   7    716.7    219.3   0.1593  14.5039   0.0110  10.5600   0.0110 -1863.436
 30   8    716.0    220.0   0.1570  15.7251   0.0100  11.4502   0.0100 -1860.024
 30   9    726.2    209.8   0.0579   2.1811   0.0265   1.6014   0.0265 -1663.657
 30  10    717.6    218.4   0.0413   5.1798   0.0080   3.7203   0.0080 -1648.462
 30  11    717.2    218.8   0.0569   2.1655   0.0263   1.6493   0.0263 -1671.894
 30  12    725.6    210.4   0.0483   2.0664   0.0234   1.5060   0.0234 -1645.448
 30  13    715.8    220.2   0.0350   1.4863   0.0236   1.1292   0.0236 -1607.952
 30  14    716.7    219.3   0.0366   1.8062   0.0203   1.3538   0.0203 -1618.637
 30  15    720.4    215.6   0.0335   1.9640   0.0171   1.4348   0.0171 -1606.025
 30  16    720.4    215.6   0.0411   1.7200   0.0239   1.2835   0.0239 -1628.398
 30  17    720.7    215.3   0.0319   1.3405   0.0238   0.9986   0.0238 -1587.532
 30  18    718.6    217.4   0.0320   1.3423   0.0238   1.0090   0.0238 -1606.246
 30  19    721.7    214.3   0.0245   1.8830   0.0130   1.3500   0.0130 -1577.096
 30  20    728.6    207.4   0.0315   2.1535   0.0146   1.5048   0.0146 -1590.528
 30  21    727.9    208.1   0.0315   2.3058   0.0137   1.6112   0.0137 -1594.828
 30  22    726.2    209.8   0.0230   1.5953   0.0144   1.1260   0.0144 -1559.188
 30  23    724.6    211.4   0.0215   1.8301   0.0118   1.2899   0.0118 -1559.172
 30  24    725.1    210.9   0.0156   1.2886   0.0121   0.9073   0.0121 -1531.207
 30  25    721.8    214.2   0.0171   0.5708   0.0300   0.4315   0.0300 -1497.850
 30  26    728.3    207.7   0.0170   0.4796   0.0354   0.3589   0.0354 -1471.081
 30  27    724.2    211.8   0.0200   0.4357   0.0459   0.3421   0.0459 -1471.345
 30  28    737.2    198.8   0.0139   2.0648   0.0067   1.3483   0.0067 -1515.926
 30  29    723.5    212.5   0.0099   0.6477   0.0153   0.4640   0.0153 -1490.534
 31   1    715.9    220.1   0.1570  12.5113   0.0126   9.1854   0.0126 -1883.248
 31   2    719.7    216.3   0.1542  22.2298   0.0069  15.7695   0.0069 -1863.496
 31   3    712.9    223.1   0.1692   7.0269   0.0241   5.4124   0.0241 -1897.813
 31   4    720.3    215.7   0.1560   3.5943   0.0434   2.8449   0.0434 -1850.082
 31   5    714.5    221.5   0.1568   8.4339   0.0186   6.3471   0.0186 -1863.609
 31   6    713.7    222.3   0.1551   8.3098   0.0187   6.2757   0.0187 -1863.403
 31   7    718.5    217.5   0.1526  71.2192   0.0021  50.0000   0.0021 -1849.143
 31   8    717.7    218.3   0.1505  70.9645   0.0021  50.0000   0.0021 -1845.867
 31   9    729.6    206.4   0.0577   1.6745   0.0345   1.2425   0.0345 -1645.674
 31  10    721.3    214.7   0.0442   5.8607   0.0075   4.1360   0.0075 -1649.625
 31  11    718.8    217.2   0.0569   1.4218   0.0400   1.1210   0.0400 -1651.209
 31  12    727.7    208.3   0.0482   1.7158   0.0281   1.2580   0.0281 -1633.259
 31  13    716.1    219.9   0.0350   1.2600   0.0278   0.9686   0.0278 -1595.512
 31  14    718.7    217.3   0.0368   1.2645   0.0291   0.9654   0.0291 -1607.705
 31  15    722.7    213.3   0.0334   1.8630   0.0179   1.3508   0.0179 -1595.505
 31  16    722.2    213.8   0.0410  41.0290   0.0010  28.2116   0.0010 -1627.762
 31  17    722.6    213.4   0.0318   1.7012   0.0187   1.2373   0.0187 -1591.988
 31  18    720.6    215.4   0.0289   1.3616   0.0212   1.0067   0.0212 -1581.476
 31  19    724.0    212.0   0.0215   2.2610   0.0095   1.5860   0.0095 -1557.064
 31  20    731.0    205.0   0.0285   1.5226   0.0187   1.0670   0.0187 -1564.752
 31  21    730.3    205.7   0.0285   1.5068   0.0189   1.0603   0.0189 -1566.993
 31  22    728.9    207.1   0.0199   1.7732   0.0112   1.2237   0.0112 -1544.045
 31  23    727.0    209.0   0.0185   1.8750   0.0099   1.2992   0.0099 -1541.977
 31  24    726.1    209.9   0.0156   1.4554   0.0107   1.0154   0.0107 -1527.360
 31  25    723.7    212.3   0.0142   0.8416   0.0169   0.6057   0.0169 -1509.109
 31  26    731.4    204.6   0.0140   0.4657   0.0302   0.3383   0.0302 -1450.489
 31  27    726.7    209.3   0.0170   0.5144   0.0331   0.3847   0.0331 -1472.052
 31  28    740.9    195.1   0.0138   2.0465   0.0068   1.3128   0.0068 -1505.525
 31  29    726.5    209.5   0.0155   0.5326   0.0292   0.3938   0.0292 -1481.605
 31  30    727.4    208.6   0.0084   0.5568   0.0151   0.3919   0.0151 -1457.507
 32   1    718.4    217.6   0.1588   9.5324   0.0167   7.0143   0.0167 -1881.334
 32   2    721.6    214.4   0.1549   7.4497   0.0208   5.4774   0.0208 -1857.963
 32   3    714.9    221.1   0.1701  19.9641   0.0085  14.5372   0.0085 -1897.743
 32   4    721.8    214.2   0.1569   8.8532   0.0177   6.4423   0.0177 -1852.517
 32   5    715.9    220.1   0.1605  12.0964   0.0133   8.9009   0.0133 -1864.983
 32   6    715.1    220.9   0.1587  11.8690   0.0134   8.7660   0.0134 -1864.878
 32   7    720.4    215.6   0.1572   9.3940   0.0167   6.8557   0.0167 -1849.314
 32   8    719.6    216.4   0.1547  12.3138   0.0126   8.8959   0.0126 -1846.105
 32   9    732.1    203.9   0.0512   2.7287   0.0188   1.9034   0.0188 -1636.598
 32  10    724.1    211.9   0.0440   6.9934   0.0063   4.8519   0.0063 -1644.480
 32  11    720.4    215.6   0.0521   1.6012   0.0325   1.2265   0.0325 -1642.779
 32  12    729.5    206.5   0.0435   1.4744   0.0295   1.0775   0.0295 -1613.968
 32  13    717.3    218.7   0.0335   1.3692   0.0245   1.0366   0.0245 -1591.855
 32  14    720.7    215.3   0.0350   1.6171   0.0217   1.1968   0.0217 -1602.398
 32  15    724.7    211.3   0.0318   9.0781   0.0035   6.2218   0.0035 -1589.104
 32  16    724.0    212.0   0.0394   1.6983   0.0232   1.2454   0.0232 -1613.484
 32  17    724.4    211.6   0.0302   1.5857   0.0191   1.1457   0.0191 -1579.165
 32  18    722.6    213.4   0.0259   1.6527   0.0157   1.1904   0.0157 -1579.506
 32  19    726.0    210.0   0.0214   1.7422   0.0123   1.2227   0.0123 -1550.960
 32  20    733.0    203.0   0.0284   1.6232   0.0175   1.1229   0.0175 -1564.027
 32  21    732.2    203.8   0.0284   1.6017   0.0177   1.1128   0.0177 -1566.446
 32  22    730.9    205.1   0.0170   1.6095   0.0106   1.0979   0.0106 -1521.026
 32  23    728.9    207.1   0.0156   1.5875   0.0098   1.0901   0.0098 -1519.303
 32  24    727.5    208.5   0.0127   1.2777   0.0099   0.8833   0.0099 -1505.599
 32  25    725.5    210.5   0.0113   0.7755   0.0146   0.5495   0.0146 -1492.512
 32  26    733.7    202.3   0.0112   0.4655   0.0240   0.3282   0.0240 -1432.390
 32  27    728.8    207.2   0.0112   0.4987   0.0226   0.3574   0.0226 -1443.652
 32  28    743.3    192.7   0.0138   2.1894   0.0063   1.3853   0.0063 -1498.932
 32  29    728.9    207.1   0.0112   0.5866   0.0192   0.4155   0.0192 -1478.488
 32  30    729.5    206.5   0.0084   0.6239   0.0135   0.4325   0.0135 -1458.492
 32  31    732.7    203.3   0.0056   0.3525   0.0158   0.2428   0.0158 -1386.679
 33   1    711.2    224.8   0.1551   4.5844   0.0338   3.6565   0.0338 -1884.275
 33   2    715.6    220.4   0.1510   5.7179   0.0264   4.3860   0.0264 -1864.173
 33   3    708.6    227.4   0.1663   8.2114   0.0203   6.3620   0.0203 -1901.225
 33   4    717.0    219.0   0.1521   9.6296   0.0158   7.1102   0.0158 -1857.274
 33   5    711.3    224.7   0.1565   6.1387   0.0255   4.7771   0.0255 -1866.424
 33   6    710.6    225.4   0.1547   6.1475   0.0252   4.7943   0.0252 -1866.165
 33   7    714.1    221.9   0.1529   8.8563   0.0173   6.6490   0.0173 -1855.881
 33   8    713.5    222.5   0.1511   6.2590   0.0241   4.8095   0.0241 -1850.398
 33   9    723.5    212.5   0.0519   2.1578   0.0241   1.5901   0.0241 -1654.428
 33  10    715.2    220.8   0.0400   2.1187   0.0189   1.5909   0.0189 -1643.359
 33  11    714.5    221.5   0.0508   2.1271   0.0239   1.6263   0.0239 -1659.228
 33  12    722.9    213.1   0.0423   1.8541   0.0228   1.3644   0.0228 -1631.197
 33  13    713.5    222.5   0.0352   1.4876   0.0237   1.1416   0.0237 -1608.352
 33  14    714.1    221.9   0.0338   1.8861   0.0179   1.4185   0.0179 -1613.750
 33  15    717.6    218.4   0.0307   1.6968   0.0181   1.2585   0.0181 -1598.448
 33  16    717.8    218.2   0.0413   1.7740   0.0233   1.3357   0.0233 -1632.906
 33  17    718.0    218.0   0.0321   1.5400   0.0208   1.1497   0.0208 -1594.620
 33  18    716.2    219.8   0.0322   1.2092   0.0266   0.9259   0.0266 -1603.339
 33  19    718.9    217.1   0.0246   1.3961   0.0176   1.0280   0.0176 -1569.406
 33  20    726.0    210.0   0.0319   1.5963   0.0200   1.1489   0.0200 -1589.119
 33  21    725.3    210.7   0.0319   1.6627   0.0192   1.1972   0.0192 -1593.661
 33  22    723.3    212.7   0.0231   1.7726   0.0130   1.2616   0.0130 -1563.107
 33  23    721.8    214.2   0.0216   1.6023   0.0135   1.1503   0.0135 -1554.231
 33  24    722.6    213.4   0.0128   1.4938   0.0086   1.0514   0.0086 -1529.731
 33  25    719.2    216.8   0.0143   0.5687   0.0252   0.4282   0.0252 -1490.386
 33  26    725.6    210.4   0.0171   0.5037   0.0339   0.3794   0.0339 -1477.378
 33  27    721.5    214.5   0.0201   0.4757   0.0422   0.3734   0.0422 -1483.707
 33  28    734.4    201.6   0.0112   1.6365   0.0068   1.0838   0.0068 -1507.345
 33  29    721.0    215.0   0.0157   0.5707   0.0275   0.4295   0.0275 -1494.179
 33  30    722.2    213.8   0.0085   0.2125   0.0400   0.1653   0.0400 -1374.658
 33  31    724.7    211.3   0.0085   0.6258   0.0135   0.4435   0.0135 -1471.039
 33  32    726.9    209.1   0.0084   0.6820   0.0124   0.4769   0.0124 -1469.014
 34   1    711.5    224.5   0.1570   4.5951   0.0342   3.6642   0.0342 -1886.994
 34   2    715.9    220.1   0.1529   5.7349   0.0267   4.3970   0.0267 -1866.832
 34   3    708.9    227.1   0.1683   8.3506   0.0201   6.4606   0.0201 -1904.009
 34   4    717.3    218.7   0.1540   9.6229   0.0160   7.1008   0.0160 -1859.888
 34   5    711.6    224.4   0.1584   6.1496   0.0258   4.7834   0.0258 -1869.073
 34   6    710.9    225.1   0.1566   6.1587   0.0254   4.8008   0.0254 -1868.818
 34   7    714.4    221.6   0.1548   8.8656   0.0175   6.6515   0.0175 -1858.553
 34   8    713.8    222.2   0.1530   6.2795   0.0244   4.8225   0.0244 -1853.080
 34   9    723.8    212.2   0.0504   2.1812   0.0231   1.6005   0.0231 -1650.537
 34  10    715.6    220.4   0.0416   2.1232   0.0196   1.5955   0.0196 -1647.455
 34  11    714.8    221.2   0.0493   2.1544   0.0229   1.6401   0.0229 -1655.255
 34  12    723.2    212.8   0.0408   1.8644   0.0219   1.3663   0.0219 -1627.034
 34  13    713.7    222.3   0.0367   1.4879   0.0247   1.1441   0.0247 -1612.395
 34  14    714.4    221.6   0.0353   1.8843   0.0187   1.4188   0.0187 -1617.882
 34  15    717.9    218.1   0.0322   1.6939   0.0190   1.2584   0.0190 -1602.599
 34  16    718.1    217.9   0.0429   1.7756   0.0241   1.3388   0.0241 -1636.764
 34  17    718.3    217.7   0.0336   1.5448   0.0217   1.1551   0.0217 -1599.136
 34  18    716.4    219.6   0.0337   1.2093   0.0278   0.9283   0.0278 -1607.510
 34  19    719.2    216.8   0.0261   1.3959   0.0187   1.0301   0.0187 -1573.814
 34  20    726.2    209.8   0.0334   1.5953   0.0209   1.1504   0.0209 -1593.226
 34  21    725.6    210.4   0.0334   1.6616   0.0201   1.1985   0.0201 -1597.766
 34  22    723.6    212.4   0.0246   1.7728   0.0139   1.2637   0.0139 -1567.541
 34  23    722.0    214.0   0.0231   1.6025   0.0144   1.1525   0.0144 -1558.724
 34  24    722.9    213.1   0.0114   1.4983   0.0076   1.0499   0.0076 -1524.325
 34  25    719.4    216.6   0.0129   0.5687   0.0226   0.4244   0.0226 -1485.139
 34  26    725.9    210.1   0.0156   0.5037   0.0310   0.3756   0.0310 -1472.285
 34  27    721.8    214.2   0.0186   0.4757   0.0391   0.3696   0.0391 -1478.796
 34  28    734.6    201.4   0.0126   1.6370   0.0077   1.0861   0.0077 -1512.484
 34  29    721.3    214.7   0.0143   0.5707   0.0250   0.4257   0.0250 -1489.010
 34  30    722.5    213.5   0.0099   0.2125   0.0467   0.1684   0.0467 -1380.009
 34  31    725.0    211.0   0.0099   0.6256   0.0158   0.4462   0.0158 -1476.456
 34  32    727.1    208.9   0.0070   0.6821   0.0103   0.4731   0.0103 -1463.183
 34  33    720.0    216.0   0.0014   0.0000  99.0000   0.0033  99.0000 -1186.918
 35   1    714.7    221.3   0.1622   3.8817   0.0418   3.1253   0.0418 -1881.849
 35   2    721.1    214.9   0.1569   5.3743   0.0292   4.0651   0.0292 -1857.942
 35   3    713.3    222.7   0.1654  15.2017   0.0109  11.2307   0.0109 -1889.886
 35   4    724.2    211.8   0.1633   5.8072   0.0281   4.3213   0.0281 -1852.035
 35   5    718.5    217.5   0.1605  19.9345   0.0081  14.2666   0.0081 -1858.864
 35   6    717.7    218.3   0.1587  19.7492   0.0080  14.1858   0.0080 -1858.937
 35   7    720.4    215.6   0.1621  17.8304   0.0091  12.6958   0.0091 -1851.681
 35   8    719.2    216.8   0.1601  19.6939   0.0081  14.0528   0.0081 -1850.039
 35   9    728.0    208.0   0.1079  16.3317   0.0066  11.1397   0.0066 -1759.044
 35  10    717.9    218.1   0.1126   5.5161   0.0204   4.1147   0.0204 -1794.181
 35  11    721.4    214.6   0.0958  17.3958   0.0055  12.1863   0.0055 -1739.644
 35  12    729.2    206.8   0.1000  26.7968   0.0037  17.9992   0.0037 -1750.134
 35  13    720.6    215.4   0.0930  17.5397   0.0053  12.3219   0.0053 -1733.794
 35  14    719.8    216.2   0.0918   3.5314   0.0260   2.6588   0.0260 -1732.892
 35  15    723.9    212.1   0.0865  10.9552   0.0079   7.6491   0.0079 -1718.664
 35  16    724.1    211.9   0.1002   7.4361   0.0135   5.2831   0.0135 -1748.374
 35  17    724.6    211.4   0.0948   4.9850   0.0190   3.5985   0.0190 -1731.687
 35  18    721.6    214.4   0.0901  21.0448   0.0043  14.6684   0.0043 -1746.263
 35  19    725.2    210.8   0.0868   7.5876   0.0114   5.3291   0.0114 -1717.496
 35  20    732.0    204.0   0.0937  18.7660   0.0050  12.4873   0.0050 -1726.769
 35  21    731.4    204.6   0.0938  18.3177   0.0051  12.2345   0.0051 -1730.516
 35  22    729.5    206.5   0.0945  19.5333   0.0048  13.1470   0.0048 -1720.460
 35  23    728.2    207.8   0.0930  21.1260   0.0044  14.2885   0.0044 -1718.631
 35  24    729.7    206.3   0.0903  15.8014   0.0057  10.6577   0.0057 -1722.538
 35  25    725.4    210.6   0.0964  19.2524   0.0050  13.2164   0.0050 -1739.690
 35  26    730.4    205.6   0.0936   4.7097   0.0199   3.3222   0.0199 -1719.841
 35  27    727.0    209.0   0.0994   4.2611   0.0233   3.0857   0.0233 -1730.224
 35  28    739.3    196.7   0.0875   6.9522   0.0126   4.5907   0.0126 -1697.361
 35  29    725.1    210.9   0.0974  16.6413   0.0059  11.4743   0.0059 -1755.520
 35  30    727.5    208.5   0.0890   4.1908   0.0212   3.0076   0.0212 -1720.888
 35  31    729.6    206.4   0.0901  20.0819   0.0045  13.4927   0.0045 -1719.209
 35  32    731.4    204.6   0.0902   6.0584   0.0149   4.1846   0.0149 -1713.503
 35  33    724.7    211.3   0.0861   6.5944   0.0131   4.6668   0.0131 -1722.950
 35  34    724.9    211.1   0.0878   6.6926   0.0131   4.7316   0.0131 -1726.672
 36   1    706.2    229.8   0.1662   5.7900   0.0287   4.6411   0.0287 -1926.879
 36   2    706.6    229.4   0.1636   5.9364   0.0276   4.7352   0.0276 -1916.624
 36   3    701.5    234.5   0.1792   7.4321   0.0241   5.9882   0.0241 -1947.874
 36   4    704.4    231.6   0.1700   4.3183   0.0394   3.5893   0.0394 -1920.089
 36   5    698.7    237.3   0.1667  26.4545   0.0063  20.4919   0.0063 -1927.684
 36   6    698.0    238.0   0.1649  26.0588   0.0063  20.2456   0.0063 -1926.629
 36   7    704.3    231.7   0.1669  51.6971   0.0032  38.7686   0.0032 -1918.188
 36   8    704.1    231.9   0.1629  66.7622   0.0024  50.0000   0.0024 -1913.152
 36   9    718.7    217.3   0.0934   4.7815   0.0195   3.5453   0.0195 -1777.062
 36  10    713.2    222.8   0.1074   4.6057   0.0233   3.5347   0.0233 -1818.525
 36  11    703.9    232.1   0.1041   9.3989   0.0111   7.2282   0.0111 -1813.171
 36  12    713.8    222.2   0.1005  20.9821   0.0048  15.1699   0.0048 -1806.200
 36  13    699.5    236.5   0.0954  19.1860   0.0050  14.7561   0.0050 -1805.422
 36  14    705.5    230.5   0.0949   4.6844   0.0203   3.6756   0.0203 -1795.001
 36  15    709.1    226.9   0.0964   3.1708   0.0304   2.5250   0.0304 -1784.471
 36  16    708.0    228.0   0.0966   4.9114   0.0197   3.8085   0.0197 -1799.686
 36  17    708.1    227.9   0.0895   6.3694   0.0140   4.8554   0.0140 -1783.019
 36  18    707.6    228.4   0.0841   7.5071   0.0112   5.6865   0.0112 -1783.707
 36  19    710.3    225.7   0.0809   6.6537   0.0122   4.9967   0.0122 -1761.799
 36  20    717.2    218.8   0.0827   5.3877   0.0154   3.9686   0.0154 -1764.445
 36  21    716.4    219.6   0.0828   5.6027   0.0148   4.1328   0.0148 -1767.143
 36  22    715.4    220.6   0.0920  13.2252   0.0070   9.5625   0.0070 -1776.001
 36  23    713.0    223.0   0.0906  13.6210   0.0067   9.9418   0.0067 -1775.689
 36  24    710.2    225.8   0.0925  15.7686   0.0059  11.6205   0.0059 -1793.813
 36  25    709.5    226.5   0.0960  13.1057   0.0073   9.7330   0.0073 -1798.739
 36  26    719.6    216.4   0.0928  11.1948   0.0083   7.9776   0.0083 -1776.212
 36  27    713.7    222.3   0.0973   7.4189   0.0131   5.5075   0.0131 -1790.024
 36  28    729.6    206.4   0.0834   9.2041   0.0091   6.2844   0.0091 -1747.303
 36  29    715.8    220.2   0.0937   5.9025   0.0159   4.3807   0.0159 -1794.857
 36  30    714.8    221.2   0.0884   6.5260   0.0135   4.8288   0.0135 -1780.299
 36  31    718.6    217.4   0.0896   5.5401   0.0162   4.0661   0.0162 -1771.119
 36  32    721.5    214.5   0.0893   8.2163   0.0109   5.8566   0.0109 -1769.974
 36  33    712.5    223.5   0.0908   5.9546   0.0152   4.4722   0.0152 -1785.304
 36  34    712.8    223.2   0.0925   5.9240   0.0156   4.4488   0.0156 -1788.759
 36  35    714.9    221.1   0.0769   5.6881   0.0135   4.2078   0.0135 -1747.599
 37   1    711.5    224.5   0.1762   5.8102   0.0303   4.5817   0.0303 -1915.302
 37   2    718.3    217.7   0.1685   6.1974   0.0272   4.7123   0.0272 -1887.808
 37   3    710.8    225.2   0.1776  18.1413   0.0098  13.5018   0.0098 -1918.399
 37   4    722.0    214.0   0.1661  17.8162   0.0093  12.6056   0.0093 -1872.513
 37   5    716.7    219.3   0.1701   6.1477   0.0277   4.7112   0.0277 -1884.028
 37   6    715.9    220.1   0.1683   6.1003   0.0276   4.6899   0.0276 -1883.915
 37   7    717.7    218.3   0.1672   5.7180   0.0292   4.3862   0.0292 -1874.500
 37   8    716.7    219.3   0.1670   5.8018   0.0288   4.4618   0.0288 -1874.652
 37   9    723.5    212.5   0.1059  17.7101   0.0060  12.3062   0.0060 -1772.931
 37  10    714.1    221.9   0.1156   7.7755   0.0149   5.7940   0.0149 -1818.246
 37  11    718.8    217.2   0.1112   3.4658   0.0321   2.6688   0.0321 -1780.971
 37  12    725.8    210.2   0.0938   4.3764   0.0214   3.1672   0.0214 -1752.190
 37  13    719.3    216.7   0.0956  71.6607   0.0013  50.0000   0.0013 -1756.821
 37  14    716.9    219.1   0.0980   5.4381   0.0180   4.0438   0.0180 -1766.088
 37  15    720.4    215.6   0.0927   7.5416   0.0123   5.4265   0.0123 -1749.030
 37  16    721.1    214.9   0.0932   6.2787   0.0148   4.5395   0.0148 -1753.966
 37  17    721.5    214.5   0.0958   4.7972   0.0200   3.5194   0.0200 -1752.207
 37  18    718.6    217.4   0.0928   9.3031   0.0100   6.6962   0.0100 -1766.372
 37  19    721.7    214.3   0.0914   6.2706   0.0146   4.5188   0.0146 -1745.743
 37  20    728.2    207.8   0.0897  24.5946   0.0036  16.5881   0.0036 -1737.581
 37  21    727.6    208.4   0.0898  22.5504   0.0040  15.2721   0.0040 -1740.728
 37  22    725.6    210.4   0.0899   3.5421   0.0254   2.5971   0.0254 -1731.523
 37  23    724.6    211.4   0.0877   6.0902   0.0144   4.3312   0.0144 -1730.219
 37  24    727.4    208.6   0.0952   4.6203   0.0206   3.3119   0.0206 -1747.953
 37  25    722.4    213.6   0.0943   5.2026   0.0181   3.7807   0.0181 -1755.825
 37  26    726.5    209.5   0.0918   4.1051   0.0224   2.9706   0.0224 -1734.219
 37  27    723.6    212.4   0.0907   5.0051   0.0181   3.6180   0.0181 -1736.638
 37  28    734.3    201.7   0.0873   9.8446   0.0089   6.5685   0.0089 -1719.795
 37  29    721.3    214.7   0.0927   4.9175   0.0188   3.5977   0.0188 -1762.881
 37  30    723.9    212.1   0.0904   4.8310   0.0187   3.4933   0.0187 -1746.300
 37  31    725.6    210.4   0.0899   7.1281   0.0126   5.0152   0.0126 -1739.929
 37  32    727.3    208.7   0.0883   4.8535   0.0182   3.4522   0.0182 -1731.867
 37  33    721.4    214.6   0.0912   4.0008   0.0228   2.9630   0.0228 -1748.250
 37  34    721.6    214.4   0.0929   4.0326   0.0230   2.9854   0.0230 -1751.952
 37  35    728.1    207.9   0.0893   2.4115   0.0370   1.8154   0.0370 -1726.244
 37  36    710.7    225.3   0.0816   6.7374   0.0121   5.0512   0.0121 -1771.901
 38   1    712.3    223.7   0.1505  69.2469   0.0022  50.0000   0.0022 -1873.224
 38   2    720.4    215.6   0.1438  71.8790   0.0020  50.0000   0.0020 -1841.557
 38   3    712.0    224.0   0.1559  69.1541   0.0023  50.0000   0.0023 -1878.166
 38   4    725.3    210.7   0.1524   8.4713   0.0180   6.0745   0.0180 -1836.500
 38   5    720.1    215.9   0.1445  71.7747   0.0020  50.0000   0.0020 -1836.344
 38   6    719.3    216.7   0.1428  71.4994   0.0020  50.0000   0.0020 -1836.268
 38   7    719.7    216.3   0.1445  71.6446   0.0020  50.0000   0.0020 -1829.280
 38   8    718.6    217.4   0.1422  71.2869   0.0020  50.0000   0.0020 -1826.080
 38   9    723.6    212.4   0.1000  12.9857   0.0077   9.0733   0.0077 -1747.835
 38  10    713.2    222.8   0.1046  11.9464   0.0088   8.7699   0.0088 -1785.200
 38  11    721.1    214.9   0.0938  72.2882   0.0013  50.0000   0.0013 -1731.922
 38  12    727.6    208.4   0.0845  74.5494   0.0011  50.0000   0.0011 -1716.235
 38  13    722.8    213.2   0.0876  72.8707   0.0012  50.0000   0.0012 -1718.250
 38  14    718.6    217.4   0.0819   5.9040   0.0139   4.3027   0.0139 -1717.372
 38  15    721.9    214.1   0.0814  33.9643   0.0024  23.4986   0.0024 -1706.300
 38  16    723.2    212.8   0.0829  73.0416   0.0011  50.0000   0.0011 -1713.496
 38  17    723.6    212.4   0.0843  73.1550   0.0012  50.0000   0.0012 -1709.931
 38  18    720.3    215.7   0.0864   9.4468   0.0092   6.7301   0.0092 -1737.303
 38  19    723.2    212.8   0.0817  73.0216   0.0011  50.0000   0.0011 -1707.904
 38  20    729.9    206.1   0.0886  11.0751   0.0080   7.5219   0.0080 -1716.840
 38  21    729.4    206.6   0.0887  11.4511   0.0077   7.7908   0.0077 -1720.401
 38  22    726.8    209.2   0.0846  11.3694   0.0074   7.8218   0.0074 -1700.841
 38  23    726.0    210.0   0.0825  73.9979   0.0011  50.0000   0.0011 -1697.934
 38  24    730.4    205.6   0.0822  75.5975   0.0011  50.0000   0.0011 -1702.173
 38  25    724.3    211.7   0.0876  73.3943   0.0012  50.0000   0.0012 -1722.986
 38  26    726.7    209.3   0.0888  10.2658   0.0087   7.0936   0.0087 -1712.513
 38  27    724.6    211.4   0.0894   6.7264   0.0133   4.7654   0.0133 -1715.489
 38  28    734.3    201.7   0.0817   5.8568   0.0139   3.9787   0.0139 -1689.468
 38  29    721.6    214.4   0.0931  10.4662   0.0089   7.4087   0.0089 -1749.549
 38  30    725.1    210.9   0.0875  17.9534   0.0049  12.3418   0.0049 -1724.109
 38  31    726.1    209.9   0.0854  10.1134   0.0084   7.0025   0.0084 -1712.878
 38  32    727.4    208.6   0.0855  14.6314   0.0058   9.9799   0.0058 -1709.604
 38  33    722.3    213.7   0.0846  14.5215   0.0058  10.1405   0.0058 -1721.853
 38  34    722.6    213.4   0.0863  13.8953   0.0062   9.7046   0.0062 -1725.410
 38  35    730.0    206.0   0.0625   1.9707   0.0317   1.4474   0.0317 -1650.947
 38  36    709.6    226.4   0.0575  14.1140   0.0041  10.3713   0.0041 -1713.599
 38  37    727.4    208.6   0.0704  11.0275   0.0064   7.5363   0.0064 -1690.377
 39   1    714.3    221.7   0.1418  11.7679   0.0121   8.6878   0.0121 -1855.262
 39   2    723.2    212.8   0.1357   5.2707   0.0257   3.9086   0.0257 -1820.839
 39   3    714.8    221.2   0.1501  48.1454   0.0031  34.4736   0.0031 -1864.611
 39   4    728.9    207.1   0.1437   4.4453   0.0323   3.2871   0.0323 -1814.330
 39   5    723.6    212.4   0.1378   4.7047   0.0293   3.5229   0.0293 -1816.770
 39   6    722.7    213.3   0.1361   4.6901   0.0290   3.5214   0.0290 -1816.894
 39   7    722.8    213.2   0.1349  72.7278   0.0019  50.0000   0.0019 -1808.599
 39   8    721.6    214.4   0.1329  72.3076   0.0018  50.0000   0.0018 -1805.705
 39   9    726.0    210.0   0.0995  17.0472   0.0058  11.7066   0.0058 -1739.504
 39  10    714.8    221.2   0.0990  12.0958   0.0082   8.8012   0.0082 -1771.286
 39  11    724.6    211.4   0.0898  73.4891   0.0012  50.0000   0.0012 -1717.509
 39  12    730.8    205.2   0.0773  75.7550   0.0010  50.0000   0.0010 -1694.259
 39  13    726.7    209.3   0.0837  10.9124   0.0077   7.5150   0.0077 -1701.373
 39  14    721.5    214.5   0.0715  71.5161   0.0010  49.3348   0.0010 -1690.247
 39  15    725.0    211.0   0.0729  72.8411   0.0010  49.4336   0.0010 -1682.881
 39  16    726.5    209.5   0.0759  74.1855   0.0010  50.0000   0.0010 -1692.012
 39  17    726.9    209.1   0.0759  74.3280   0.0010  50.0000   0.0010 -1685.564
 39  18    723.3    212.7   0.0813   9.2964   0.0087   6.5265   0.0087 -1720.030
 39  19    726.4    209.6   0.0747  74.1602   0.0010  50.0000   0.0010 -1686.561
 39  20    733.0    203.0   0.0833  76.5393   0.0011  50.0000   0.0011 -1697.089
 39  21    732.4    203.6   0.0833  76.3290   0.0011  50.0000   0.0011 -1700.923
 39  22    730.0    206.0   0.0774  75.4406   0.0010  50.0000   0.0010 -1679.149
 39  23    729.3    206.7   0.0757  75.2096   0.0010  50.0000   0.0010 -1675.941
 39  24    734.1    201.9   0.0818  76.9739   0.0011  50.0000   0.0011 -1689.851
 39  25    727.6    208.4   0.0888  74.5556   0.0012  50.0000   0.0012 -1716.431
 39  26    729.4    206.6   0.0856   4.0262   0.0213   2.8657   0.0213 -1696.015
 39  27    727.6    208.4   0.0890   6.8261   0.0130   4.7670   0.0130 -1706.498
 39  28    736.9    199.1   0.0780  77.9736   0.0010  49.9547   0.0010 -1674.710
 39  29    724.0    212.0   0.0895   7.0227   0.0127   4.9796   0.0127 -1735.682
 39  30    727.9    208.1   0.0837  21.3942   0.0039  14.4673   0.0039 -1708.721
 39  31    728.8    207.2   0.0819   7.7878   0.0105   5.3639   0.0105 -1697.858
 39  32    730.0    206.0   0.0823   5.1294   0.0161   3.5797   0.0161 -1694.464
 39  33    725.1    210.9   0.0814   5.3926   0.0151   3.8341   0.0151 -1706.969
 39  34    725.4    210.6   0.0831   5.3226   0.0156   3.7861   0.0156 -1710.650
 39  35    733.5    202.5   0.0674   2.1074   0.0320   1.5264   0.0320 -1650.019
 39  36    711.3    224.7   0.0543  15.7266   0.0035  11.4514   0.0035 -1703.109
 39  37    730.8    205.2   0.0688   4.0861   0.0168   2.8483   0.0168 -1676.640
 39  38    734.4    201.6   0.0196   0.5823   0.0336   0.4223   0.0336 -1464.803
 40   1    704.5    231.5   0.1603   4.5670   0.0351   3.7508   0.0351 -1906.195
 40   2    710.3    225.7   0.1575   5.5526   0.0284   4.3753   0.0284 -1888.684
 40   3    703.2    232.8   0.1637   6.7133   0.0244   5.3771   0.0244 -1913.191
 40   4    713.3    222.7   0.1534   5.2911   0.0290   4.1276   0.0290 -1871.714
 40   5    708.1    227.9   0.1563   6.2690   0.0249   4.9333   0.0249 -1885.261
 40   6    707.3    228.7   0.1545   6.2378   0.0248   4.9218   0.0248 -1884.657
 40   7    708.8    227.2   0.1556  13.8242   0.0113  10.4198   0.0113 -1881.138
 40   8    708.3    227.7   0.1535  13.0928   0.0117   9.9043   0.0117 -1877.458
 40   9    714.9    221.1   0.0974  70.2560   0.0014  50.0000   0.0014 -1778.866
 40  10    706.7    229.3   0.1024   3.8352   0.0267   3.0502   0.0267 -1804.883
 40  11    709.8    226.2   0.1050  68.6227   0.0015  50.0000   0.0015 -1793.866
 40  12    716.9    219.1   0.0972  70.8779   0.0014  50.0000   0.0014 -1781.139
 40  13    710.9    225.1   0.0905  21.0691   0.0043  15.4048   0.0043 -1766.833
 40  14    708.4    227.6   0.0934   5.7000   0.0164   4.3699   0.0164 -1773.952
 40  15    711.2    224.8   0.0859   9.3648   0.0092   6.9442   0.0092 -1755.519
 40  16    712.4    223.6   0.0900   4.3176   0.0208   3.3000   0.0208 -1764.614
 40  17    712.5    223.5   0.0876   9.8275   0.0089   7.2399   0.0089 -1758.291
 40  18    710.3    225.7   0.0871  68.8569   0.0013  50.0000   0.0013 -1774.651
 40  19    712.6    223.4   0.0796  10.4885   0.0076   7.6932   0.0076 -1745.469
 40  20    719.2    216.8   0.0830  23.0821   0.0036  16.2277   0.0036 -1747.987
 40  21    718.7    217.3   0.0831  22.3523   0.0037  15.7607   0.0037 -1750.573
 40  22    716.3    219.7   0.0874  17.8327   0.0049  12.7571   0.0049 -1752.213
 40  23    715.2    220.8   0.0858  17.8640   0.0048  12.8363   0.0048 -1749.658
 40  24    718.6    217.4   0.0831  18.3065   0.0045  12.9467   0.0045 -1749.659
 40  25    713.5    222.5   0.0924  36.1530   0.0026  25.9906   0.0026 -1774.216
 40  26    717.7    218.3   0.0848  26.8157   0.0032  18.9533   0.0032 -1747.887
 40  27    714.8    221.2   0.0908   6.9228   0.0131   5.1164   0.0131 -1760.103
 40  28    725.3    210.7   0.0774  69.3951   0.0011  47.0362   0.0011 -1726.788
 40  29    713.3    222.7   0.0906  15.8937   0.0057  11.5511   0.0057 -1780.037
 40  30    715.4    220.6   0.0857   4.8675   0.0176   3.6386   0.0176 -1756.031
 40  31    716.9    219.1   0.0832  21.1594   0.0039  15.0471   0.0039 -1749.327
 40  32    718.8    217.2   0.0853   5.4720   0.0156   4.0060   0.0156 -1747.687
 40  33    713.1    222.9   0.0844   4.9839   0.0169   3.7538   0.0169 -1756.197
 40  34    713.4    222.6   0.0861   5.0519   0.0170   3.8019   0.0170 -1760.020
 40  35    718.6    217.4   0.0676   1.8067   0.0374   1.4145   0.0374 -1700.311
 40  36    703.7    232.3   0.0597   3.5421   0.0168   2.7720   0.0168 -1736.838
 40  37    716.0    220.0   0.0506   1.5627   0.0324   1.2180   0.0324 -1667.250
 40  38    718.2    217.8   0.0567  14.3740   0.0039  10.1627   0.0039 -1681.666
 40  39    721.3    214.7   0.0584   5.5442   0.0105   3.9504   0.0105 -1677.630
 41   1    714.4    221.6   0.1583  14.9152   0.0106  10.9576   0.0106 -1878.323
 41   2    721.0    215.0   0.1517   7.9920   0.0190   5.8574   0.0190 -1847.260
 41   3    713.2    222.8   0.1578  69.5101   0.0023  50.0000   0.0023 -1876.621
 41   4    724.4    211.6   0.1522  73.2125   0.0021  50.0000   0.0021 -1832.412
 41   5    718.8    217.2   0.1504  25.2627   0.0060  17.9318   0.0060 -1840.047
 41   6    718.0    218.0   0.1487  24.2723   0.0061  17.3024   0.0061 -1840.179
 41   7    720.2    215.8   0.1498  71.8018   0.0021  50.0000   0.0021 -1830.283
 41   8    719.2    216.8   0.1472  71.4636   0.0021  50.0000   0.0021 -1827.461
 41   9    727.1    208.9   0.0894   6.1714   0.0145   4.3404   0.0145 -1718.535
 41  10    717.1    218.9   0.0917  12.5062   0.0073   8.9851   0.0073 -1755.535
 41  11    721.3    214.7   0.0868   6.4369   0.0135   4.6299   0.0135 -1716.507
 41  12    728.8    207.2   0.0790   4.2174   0.0187   2.9852   0.0187 -1701.484
 41  13    721.3    214.7   0.0763   4.3002   0.0177   3.1354   0.0177 -1693.436
 41  14    719.6    216.4   0.0747  71.8407   0.0010  50.0000   0.0010 -1699.548
 41  15    723.4    212.6   0.0697  37.3493   0.0019  25.6169   0.0019 -1678.382
 41  16    723.9    212.1   0.0745  73.3107   0.0010  50.0000   0.0010 -1693.979
 41  17    724.3    211.7   0.0697  69.6351   0.0010  47.4052   0.0010 -1676.920
 41  18    721.5    214.5   0.0731  72.4675   0.0010  50.0000   0.0010 -1705.500
 41  19    724.7    211.3   0.0668  66.8201   0.0010  45.4094   0.0010 -1673.319
 41  20    731.6    204.4   0.0722   4.8206   0.0150   3.3277   0.0150 -1675.287
 41  21    730.9    205.1   0.0722   5.4134   0.0133   3.7275   0.0133 -1679.388
 41  22    728.9    207.1   0.0697   5.2138   0.0134   3.6239   0.0134 -1665.672
 41  23    727.7    208.3   0.0681   4.5244   0.0151   3.1800   0.0151 -1662.952
 41  24    729.9    206.1   0.0724   3.8359   0.0189   2.7030   0.0189 -1678.621
 41  25    725.2    210.8   0.0761   4.7657   0.0160   3.3962   0.0160 -1696.029
 41  26    729.7    206.3   0.0690   4.1601   0.0166   2.9115   0.0166 -1662.405
 41  27    726.6    209.4   0.0726   5.3963   0.0135   3.7909   0.0135 -1675.842
 41  28    738.2    197.8   0.0665   4.1116   0.0162   2.7641   0.0162 -1648.652
 41  29    724.5    211.5   0.0745   3.6804   0.0203   2.6676   0.0203 -1704.868
 41  30    727.1    208.9   0.0693   3.9082   0.0177   2.7787   0.0177 -1679.172
 41  31    728.9    207.1   0.0655   3.2707   0.0200   2.3238   0.0200 -1661.773
 41  32    730.7    205.3   0.0674   4.2983   0.0157   2.9867   0.0157 -1660.983
 41  33    724.3    211.7   0.0696   5.1586   0.0135   3.6617   0.0135 -1684.252
 41  34    724.6    211.4   0.0712   5.1599   0.0138   3.6620   0.0138 -1688.161
 41  35    731.1    204.9   0.0561   2.4458   0.0229   1.7373   0.0229 -1635.209
 41  36    713.9    222.1   0.0493   7.1185   0.0069   5.1799   0.0069 -1687.039
 41  37    728.0    208.0   0.0496   2.1272   0.0233   1.5341   0.0233 -1631.010
 41  38    730.1    205.9   0.0437   2.9683   0.0147   2.0613   0.0147 -1602.275
 41  39    733.5    202.5   0.0437   2.8431   0.0154   1.9477   0.0154 -1587.793
 41  40    718.7    217.3   0.0322  11.9607   0.0027   8.4045   0.0027 -1616.146

