Supplemental results for CODEML (seqf: nad4.pal2nal  treef: )


pairwise comparison (Goldman & Yang 1994)
seq seq        N       S       dN       dS     dN/dS   Paras.
  2   1    996.5    305.5   0.0392   0.5436   0.0721   0.4726   0.0721 -2209.591
  3   1    996.4    305.6   0.0819   3.6169   0.0227   2.7349   0.0227 -2452.778
  3   2    990.0    312.0   0.0860   3.3577   0.0256   2.6103   0.0256 -2470.134
  4   1   1003.2    298.8   0.0772   2.2658   0.0341   1.7382   0.0341 -2412.192
  4   2    996.2    305.8   0.0769   2.9350   0.0262   2.2442   0.0262 -2426.932
  4   3   1005.3    296.7   0.0490   1.5564   0.0315   1.1776   0.0315 -2307.271
  5   1    993.3    308.7   0.0774   2.1496   0.0360   1.7064   0.0360 -2436.283
  5   2    986.4    315.6   0.0823   2.0843   0.0395   1.7026   0.0395 -2458.678
  5   3    994.8    307.2   0.0505   1.0537   0.0479   0.8616   0.0479 -2325.245
  5   4   1004.5    297.5   0.0426   1.1380   0.0374   0.8788   0.0374 -2278.315
  6   1   1004.0    298.0   0.0788   2.5764   0.0306   1.9512   0.0306 -2429.633
  6   2    997.2    304.8   0.0861   2.3883   0.0361   1.8753   0.0361 -2454.037
  6   3   1005.4    296.6   0.0595   1.3091   0.0454   1.0323   0.0454 -2342.781
  6   4   1015.2    286.8   0.0497   1.3396   0.0371   1.0013   0.0371 -2284.316
  6   5   1004.9    297.1   0.0205   0.3762   0.0544   0.3049   0.0544 -2077.878
  7   1    996.6    305.4   0.0794   2.5963   0.0306   2.0092   0.0306 -2442.654
  7   2    988.9    313.1   0.0857   3.0479   0.0281   2.3941   0.0281 -2474.403
  7   3   1001.8    300.2   0.0542   1.2077   0.0448   0.9604   0.0448 -2325.130
  7   4   1012.8    289.2   0.0466   1.2198   0.0382   0.9216   0.0382 -2275.771
  7   5   1003.7    298.3   0.0257   0.4718   0.0545   0.3837   0.0545 -2124.944
  7   6   1013.3    288.7   0.0254   0.6046   0.0420   0.4614   0.0420 -2133.468
  8   1    997.7    304.3   0.0792   2.8062   0.0282   2.1495   0.0282 -2439.895
  8   2    990.0    312.0   0.0856   3.2797   0.0261   2.5533   0.0261 -2471.780
  8   3   1003.2    298.8   0.0541   1.1761   0.0460   0.9348   0.0460 -2319.856
  8   4   1014.3    287.7   0.0464   1.2817   0.0362   0.9582   0.0362 -2273.974
  8   5   1005.1    296.9   0.0257   0.4815   0.0533   0.3888   0.0533 -2125.024
  8   6   1014.8    287.2   0.0253   0.6180   0.0410   0.4682   0.0410 -2132.818
  8   7   1017.5    284.5   0.0000   0.0108   0.0010   0.0071   0.0010 -1667.803
  9   1    996.9    305.1   0.2008   5.6937   0.0353   4.4633   0.0353 -2723.914
  9   2    991.6    310.4   0.2008   5.6431   0.0356   4.4943   0.0356 -2732.065
  9   3    992.6    309.4   0.2059   6.5894   0.0312   5.1684   0.0312 -2730.741
  9   4   1000.0    302.0   0.1978   9.4375   0.0210   7.0231   0.0210 -2703.144
  9   5    989.2    312.8   0.2031   8.3656   0.0243   6.4924   0.0243 -2736.333
  9   6   1000.3    301.7   0.2134  11.8185   0.0181   8.7069   0.0181 -2736.951
  9   7    992.1    309.9   0.2076   7.3512   0.0282   5.7232   0.0282 -2737.472
  9   8    993.3    308.7   0.2073   7.3835   0.0281   5.7255   0.0281 -2733.944
 10   1   1006.3    295.7   0.1836   8.3189   0.0221   6.0934   0.0221 -2658.219
 10   2    998.9    303.1   0.1825  10.6841   0.0171   7.8811   0.0171 -2671.342
 10   3   1010.1    291.9   0.1691  14.1013   0.0120   9.8782   0.0120 -2625.130
 10   4   1021.0    281.0   0.1667  28.6077   0.0058  18.9129   0.0058 -2591.974
 10   5   1009.8    292.2   0.1752   7.3942   0.0237   5.3868   0.0237 -2641.111
 10   6   1020.5    281.5   0.1798  19.5476   0.0092  13.1002   0.0092 -2626.909
 10   7   1019.2    282.8   0.1717  14.3900   0.0119   9.7811   0.0119 -2618.519
 10   8   1020.8    281.2   0.1714  15.6300   0.0110  10.5315   0.0110 -2613.284
 10   9   1003.6    298.4   0.0851   7.5970   0.0112   5.4210   0.0112 -2441.441
 11   1   1006.0    296.0   0.1847  11.7040   0.0158   8.4108   0.0158 -2656.107
 11   2    998.0    304.0   0.1813  17.3120   0.0105  12.5416   0.0105 -2665.316
 11   3   1012.2    289.8   0.1710   5.9727   0.0286   4.3867   0.0286 -2617.842
 11   4   1024.0    278.0   0.1669  77.4472   0.0022  50.0000   0.0022 -2583.454
 11   5   1013.1    288.9   0.1746  14.2279   0.0123   9.8789   0.0123 -2630.631
 11   6   1023.6    278.4   0.1845  14.2854   0.0129   9.5989   0.0129 -2625.597
 11   7   1024.4    277.6   0.1736  20.9164   0.0083  13.7885   0.0083 -2610.810
 11   8   1026.1    275.9   0.1733  22.3294   0.0078  14.6057   0.0078 -2605.434
 11   9   1003.2    298.8   0.0842   5.9172   0.0142   4.2686   0.0142 -2436.559
 11  10   1030.9    271.1   0.0240   0.4958   0.0484   0.3667   0.0484 -2038.195
 12   1    994.8    307.2   0.1947   6.0643   0.0321   4.7386   0.0321 -2699.700
 12   2    987.4    314.6   0.1944   8.6903   0.0224   6.7423   0.0224 -2711.955
 12   3    998.9    303.1   0.1857   7.0415   0.0264   5.3450   0.0264 -2678.339
 12   4   1009.6    292.4   0.1883   6.6573   0.0283   4.9237   0.0283 -2659.948
 12   5   1000.1    301.9   0.1912   6.2830   0.0304   4.8105   0.0304 -2693.565
 12   6   1010.2    291.8   0.1934   8.1661   0.0237   5.9412   0.0237 -2677.677
 12   7   1011.3    290.7   0.1877  10.3341   0.0182   7.3602   0.0182 -2667.527
 12   8   1012.8    289.2   0.1874  10.7375   0.0174   7.5925   0.0174 -2663.016
 12   9    990.3    311.7   0.1037  15.0154   0.0069  11.0212   0.0069 -2516.568
 12  10   1015.7    286.3   0.0943  75.4647   0.0012  50.0000   0.0012 -2436.461
 12  11   1020.2    281.8   0.0993   8.0632   0.0123   5.4688   0.0123 -2441.231
 13   1   1003.4    298.6   0.2072   5.0492   0.0410   3.9532   0.0410 -2692.735
 13   2    996.1    305.9   0.2024   6.0195   0.0336   4.7070   0.0336 -2702.358
 13   3   1006.8    295.2   0.2021   6.9498   0.0291   5.1966   0.0291 -2678.624
 13   4   1017.5    284.5   0.1907   8.4621   0.0225   5.9943   0.0225 -2634.329
 13   5   1006.2    295.8   0.2002   8.4759   0.0236   6.2414   0.0236 -2685.045
 13   6   1017.2    284.8   0.2060   8.9117   0.0231   6.3316   0.0231 -2672.433
 13   7   1015.2    286.8   0.1952   6.8116   0.0287   4.9579   0.0287 -2657.764
 13   8   1016.8    285.2   0.1949   6.9693   0.0280   5.0366   0.0280 -2652.834
 13   9   1000.6    301.4   0.0968   3.0077   0.0322   2.3117   0.0322 -2464.064
 13  10   1023.5    278.5   0.0753   3.1505   0.0239   2.1996   0.0239 -2344.284
 13  11   1026.9    275.1   0.0790   2.8448   0.0278   1.9902   0.0278 -2348.227
 13  12   1011.8    290.2   0.0787   3.1555   0.0249   2.2935   0.0249 -2386.290
 14   1   1004.3    297.7   0.1847   5.9095   0.0313   4.4810   0.0313 -2681.409
 14   2    997.0    305.0   0.1870   8.5001   0.0220   6.4038   0.0220 -2704.793
 14   3   1008.2    293.8   0.1818  14.8603   0.0122  10.4808   0.0122 -2671.573
 14   4   1018.9    283.1   0.1865   8.2881   0.0225   5.8449   0.0225 -2652.337
 14   5   1009.0    293.0   0.1857  11.7494   0.0158   8.3632   0.0158 -2680.534
 14   6   1018.9    283.1   0.1924   9.1698   0.0210   6.4341   0.0210 -2668.784
 14   7   1019.5    282.5   0.1844   6.3219   0.0292   4.5490   0.0292 -2659.365
 14   8   1021.0    281.0   0.1842   6.4271   0.0287   4.5948   0.0287 -2654.817
 14   9   1000.5    301.5   0.1084   7.3608   0.0147   5.3640   0.0147 -2523.895
 14  10   1024.9    277.1   0.0976  15.5794   0.0063  10.1773   0.0063 -2434.324
 14  11   1029.2    272.8   0.1078   5.5135   0.0195   3.7208   0.0195 -2451.616
 14  12   1015.5    286.5   0.0890   2.7765   0.0320   2.0413   0.0320 -2442.390
 14  13   1021.3    280.7   0.0960   3.0738   0.0312   2.2137   0.0312 -2425.085
 15   1   1012.0    290.0   0.1891  13.8866   0.0136   9.7188   0.0136 -2658.063
 15   2   1005.8    296.2   0.1951  15.6146   0.0125  11.1104   0.0125 -2684.018
 15   3   1011.4    290.6   0.1860   3.7605   0.0494   2.9516   0.0494 -2643.921
 15   4   1020.6    281.4   0.1792  76.4536   0.0023  50.0000   0.0023 -2610.877
 15   5   1009.0    293.0   0.1817  32.5704   0.0056  22.4141   0.0056 -2650.093
 15   6   1020.3    281.7   0.1872   7.7014   0.0243   5.4396   0.0243 -2633.687
 15   7   1014.9    287.1   0.1844  23.9203   0.0077  16.2553   0.0077 -2641.395
 15   8   1016.3    285.7   0.1842  24.8495   0.0074  16.7880   0.0074 -2636.056
 15   9   1009.0    293.0   0.0966  73.7367   0.0013  50.0000   0.0013 -2460.458
 15  10   1025.3    276.7   0.0842   2.7563   0.0305   1.9564   0.0305 -2350.960
 15  11   1026.7    275.3   0.0915   3.6960   0.0247   2.5607   0.0247 -2372.764
 15  12   1012.7    289.3   0.0711   2.5985   0.0274   1.8980   0.0274 -2359.963
 15  13   1021.9    280.1   0.0706  70.5503   0.0010  45.6979   0.0010 -2325.020
 15  14   1022.3    279.7   0.0581  17.3672   0.0033  11.3310   0.0033 -2321.350
 16   1    994.9    307.1   0.2187   5.9868   0.0365   4.7383   0.0365 -2739.750
 16   2    990.2    311.8   0.2231   6.7392   0.0331   5.3499   0.0331 -2757.301
 16   3    988.3    313.7   0.2150  61.1355   0.0035  44.6775   0.0035 -2742.367
 16   4    994.3    307.7   0.2142  69.8318   0.0031  50.0000   0.0031 -2726.689
 16   5    985.0    317.0   0.2078  10.3700   0.0200   8.0456   0.0200 -2739.640
 16   6    996.0    306.0   0.2117   9.3651   0.0226   7.0882   0.0226 -2730.538
 16   7    987.8    314.2   0.2167  10.1277   0.0214   7.8262   0.0214 -2745.244
 16   8    988.8    313.2   0.2164  10.1309   0.0214   7.8036   0.0214 -2741.795
 16   9    989.2    312.8   0.1489   7.2707   0.0205   5.5795   0.0205 -2618.289
 16  10    997.0    305.0   0.1365  20.3411   0.0067  14.6096   0.0067 -2558.255
 16  11    996.0    306.0   0.1475  18.4201   0.0080  13.3278   0.0080 -2578.350
 16  12    985.8    316.2   0.1571  10.2772   0.0153   7.8450   0.0153 -2626.236
 16  13    993.8    308.2   0.1636   9.3024   0.0176   6.9808   0.0176 -2611.239
 16  14    995.6    306.4   0.1507   7.6565   0.0197   5.7514   0.0197 -2614.888
 16  15   1003.9    298.1   0.1431  26.5382   0.0054  18.5614   0.0054 -2557.006
 17   1    996.0    306.0   0.1962   6.4432   0.0305   4.9926   0.0305 -2686.262
 17   2    990.0    312.0   0.2048   8.2855   0.0247   6.4227   0.0247 -2710.352
 17   3    993.8    308.2   0.2015  27.9886   0.0072  20.3376   0.0072 -2696.061
 17   4   1002.3    299.7   0.2094  71.7147   0.0029  50.0000   0.0029 -2689.744
 17   5    991.1    310.9   0.1980   7.1280   0.0278   5.5584   0.0278 -2697.508
 17   6   1002.7    299.3   0.2008   7.9475   0.0253   5.9454   0.0253 -2685.858
 17   7    996.3    305.7   0.2040   9.2840   0.0220   7.0073   0.0220 -2698.110
 17   8    997.7    304.3   0.2037   9.7584   0.0209   7.3108   0.0209 -2693.870
 17   9    992.3    309.7   0.1470  23.8425   0.0062  17.3485   0.0062 -2603.270
 17  10   1006.6    295.4   0.1404  17.1336   0.0082  11.9871   0.0082 -2537.253
 17  11   1007.4    294.6   0.1449  39.8912   0.0036  27.4127   0.0036 -2542.132
 17  12    994.1    307.9   0.1549  69.9746   0.0022  50.0000   0.0022 -2597.754
 17  13   1003.1    298.9   0.1514  12.1247   0.0125   8.6997   0.0125 -2557.554
 17  14   1004.2    297.8   0.1563   9.2982   0.0168   6.7424   0.0168 -2601.808
 17  15   1010.0    292.0   0.1357  21.2396   0.0064  14.6051   0.0064 -2510.276
 17  16    987.9    314.1   0.0988   3.7182   0.0266   2.9158   0.0266 -2471.978
 18   1    992.0    310.0   0.1922  13.1960   0.0146   9.8656   0.0146 -2705.381
 18   2    986.1    315.9   0.1894   8.6290   0.0219   6.7119   0.0219 -2708.141
 18   3    989.9    312.1   0.1825  13.7773   0.0132  10.3224   0.0132 -2683.242
 18   4    998.2    303.8   0.1918  22.3890   0.0086  16.1118   0.0086 -2681.445
 18   5    988.1    313.9   0.1876  11.3043   0.0166   8.6024   0.0166 -2699.750
 18   6    999.1    302.9   0.1892   6.5703   0.0288   5.0211   0.0288 -2685.438
 18   7    994.2    307.8   0.1892  10.6170   0.0178   7.9620   0.0178 -2692.061
 18   8    995.6    306.4   0.1889  10.8358   0.0174   8.0844   0.0174 -2688.222
 18   9    987.5    314.5   0.1392  22.9365   0.0061  16.9403   0.0061 -2603.163
 18  10   1002.5    299.5   0.1210  23.7861   0.0051  16.6931   0.0051 -2516.707
 18  11   1003.8    298.2   0.1262  22.3858   0.0056  15.6732   0.0056 -2522.183
 18  12    991.5    310.5   0.1391  69.4365   0.0020  50.0000   0.0020 -2584.544
 18  13    999.0    303.0   0.1401  23.5022   0.0060  16.7311   0.0060 -2560.428
 18  14   1001.1    300.9   0.1469  10.1125   0.0145   7.3502   0.0145 -2608.558
 18  15   1005.3    296.7   0.1334  33.7244   0.0040  23.3651   0.0040 -2538.447
 18  16    984.0    318.0   0.0869  15.2164   0.0057  11.3452   0.0057 -2465.069
 18  17    987.9    314.1   0.0759   1.8135   0.0419   1.4854   0.0419 -2403.708
 19   1    991.2    310.8   0.1897  10.6255   0.0178   8.0428   0.0178 -2689.480
 19   2    984.6    317.4   0.1927   9.1915   0.0210   7.1590   0.0210 -2703.427
 19   3    991.5    310.5   0.1855   8.1533   0.0228   6.2574   0.0228 -2673.371
 19   4   1000.9    301.1   0.1937   8.0874   0.0239   6.0577   0.0239 -2665.385
 19   5    990.5    311.5   0.1867  69.0713   0.0027  50.0000   0.0027 -2686.306
 19   6   1001.6    300.4   0.1853  18.0833   0.0102  12.9447   0.0102 -2666.446
 19   7    998.4    303.6   0.1885   6.7063   0.0281   5.1246   0.0281 -2674.159
 19   8    999.9    302.1   0.1882   7.2865   0.0258   5.5061   0.0258 -2669.821
 19   9    986.8    315.2   0.1371  68.4207   0.0020  50.0000   0.0020 -2584.522
 19  10   1006.1    295.9   0.1187  72.9215   0.0016  50.0000   0.0016 -2489.587
 19  11   1008.4    293.6   0.1228  10.3032   0.0119   7.2555   0.0119 -2490.736
 19  12    995.1    306.9   0.1405  70.2572   0.0020  50.0000   0.0020 -2564.880
 19  13   1002.2    299.8   0.1430  71.9072   0.0020  50.0000   0.0020 -2543.585
 19  14   1004.6    297.4   0.1425  21.6104   0.0066  15.1360   0.0066 -2579.522
 19  15   1006.9    295.1   0.1310  73.0799   0.0018  50.0000   0.0018 -2509.057
 19  16    982.6    319.4   0.0848  14.1836   0.0060  10.6304   0.0060 -2444.184
 19  17    988.6    313.4   0.0668   2.4251   0.0276   1.9032   0.0276 -2359.566
 19  18    985.0    317.0   0.0263   0.8236   0.0319   0.6613   0.0319 -2198.459
 20   1   1000.8    301.2   0.1857   7.9059   0.0235   5.9158   0.0235 -2670.261
 20   2    994.4    307.6   0.1901   5.6710   0.0335   4.4551   0.0335 -2688.166
 20   3   1000.3    301.7   0.1842   3.7017   0.0498   2.9978   0.0498 -2656.523
 20   4   1009.6    292.4   0.1920  27.0663   0.0071  18.6848   0.0071 -2651.604
 20   5    998.5    303.5   0.1865  22.1542   0.0084  15.9239   0.0084 -2675.888
 20   6   1009.7    292.3   0.1838  12.8606   0.0143   9.0887   0.0143 -2650.943
 20   7   1005.1    296.9   0.1908  21.8106   0.0087  15.3621   0.0087 -2668.522
 20   8   1006.5    295.5   0.1905  23.0928   0.0082  16.1626   0.0082 -2663.644
 20   9    997.1    304.9   0.1385  29.7579   0.0047  21.2272   0.0047 -2575.652
 20  10   1014.5    287.5   0.1209  34.8928   0.0035  23.3983   0.0035 -2478.965
 20  11   1016.2    285.8   0.1250   8.0841   0.0155   5.6163   0.0155 -2481.846
 20  12   1002.4    299.6   0.1426   4.9090   0.0290   3.7176   0.0290 -2558.204
 20  13   1010.9    291.1   0.1443  23.9249   0.0060  16.3819   0.0060 -2533.918
 20  14   1012.0    290.0   0.1450   8.3471   0.0174   5.9154   0.0174 -2571.659
 20  15   1016.4    285.6   0.1368   4.0906   0.0334   3.0127   0.0334 -2505.327
 20  16    992.4    309.6   0.0864   9.5830   0.0090   7.0335   0.0090 -2436.461
 20  17    998.5    303.5   0.0714   1.9917   0.0359   1.5571   0.0359 -2364.571
 20  18    994.2    307.8   0.0261   0.7992   0.0326   0.6267   0.0326 -2181.092
 20  19    995.9    306.1   0.0186   0.7556   0.0246   0.5756   0.0246 -2131.500
 21   1    999.9    302.1   0.1859   8.2070   0.0227   6.1404   0.0227 -2675.063
 21   2    993.6    308.4   0.1903   5.5484   0.0343   4.3784   0.0343 -2692.793
 21   3    999.4    302.6   0.1846   3.5928   0.0514   2.9304   0.0514 -2661.568
 21   4   1008.5    293.5   0.1921  49.2441   0.0039  33.7476   0.0039 -2657.178
 21   5    997.5    304.5   0.1865  46.9398   0.0040  33.3585   0.0040 -2680.325
 21   6   1008.7    293.3   0.1839  16.6187   0.0111  11.6574   0.0111 -2656.291
 21   7   1004.2    297.8   0.1908  68.1488   0.0028  47.2086   0.0028 -2673.542
 21   8   1005.6    296.4   0.1903  72.5641   0.0026  50.0000   0.0026 -2668.795
 21   9    996.2    305.8   0.1386  37.0708   0.0037  26.4427   0.0037 -2580.063
 21  10   1013.4    288.6   0.1210  29.7839   0.0041  20.0899   0.0041 -2485.093
 21  11   1015.1    286.9   0.1252   8.6752   0.0144   6.0279   0.0144 -2487.999
 21  12   1001.5    300.5   0.1426   6.0723   0.0235   4.5335   0.0235 -2564.025
 21  13   1009.8    292.2   0.1445  28.5755   0.0051  19.5728   0.0051 -2539.740
 21  14   1011.0    291.0   0.1452  14.7465   0.0098  10.2250   0.0098 -2576.916
 21  15   1015.3    286.7   0.1360  75.2068   0.0018  50.0000   0.0018 -2512.009
 21  16    991.7    310.3   0.0865  10.0100   0.0086   7.3555   0.0086 -2441.008
 21  17    997.5    304.5   0.0715   1.8730   0.0382   1.4783   0.0382 -2366.324
 21  18    993.3    308.7   0.0261   0.8019   0.0326   0.6302   0.0326 -2186.563
 21  19    994.9    307.1   0.0186   0.7588   0.0245   0.5796   0.0245 -2133.625
 21  20   1004.2    297.8   0.0000   0.0101   0.0010   0.0070   0.0010 -1657.355
 22   1    998.2    303.8   0.1986   7.5811   0.0262   5.7637   0.0262 -2683.191
 22   2    991.2    310.8   0.2023  14.9897   0.0135  11.1971   0.0135 -2706.857
 22   3   1000.2    301.8   0.1968  22.9064   0.0086  16.3803   0.0086 -2677.533
 22   4   1010.4    291.6   0.2060  73.7127   0.0028  50.0000   0.0028 -2665.870
 22   5    999.7    302.3   0.2011  71.1146   0.0028  50.0000   0.0028 -2694.515
 22   6   1010.8    291.2   0.2029  19.6734   0.0103  13.6732   0.0103 -2675.747
 22   7   1008.6    293.4   0.1982  23.4054   0.0085  16.2813   0.0085 -2670.018
 22   8   1010.2    291.8   0.1978  26.7274   0.0074  18.4322   0.0074 -2664.887
 22   9    994.4    307.6   0.1398  41.7839   0.0033  29.9382   0.0033 -2579.576
 22  10   1016.1    285.9   0.1158  75.4837   0.0015  50.0000   0.0015 -2459.690
 22  11   1019.1    282.9   0.1214   5.6910   0.0213   3.9943   0.0213 -2463.193
 22  12   1005.2    296.8   0.1246  72.6838   0.0017  50.0000   0.0017 -2515.371
 22  13   1012.1    289.9   0.1176   6.2607   0.0188   4.4561   0.0188 -2464.832
 22  14   1014.6    287.4   0.1367  32.4801   0.0042  21.8294   0.0042 -2549.332
 22  15   1015.5    286.5   0.1209  75.3022   0.0016  50.0000   0.0016 -2460.918
 22  16    989.2    312.8   0.0879  11.6918   0.0075   8.6281   0.0075 -2440.085
 22  17    996.8    305.2   0.0797   1.9487   0.0409   1.5532   0.0409 -2373.499
 22  18    993.1    308.9   0.0504   2.3070   0.0219   1.7573   0.0219 -2317.075
 22  19    996.0    306.0   0.0573   1.6882   0.0339   1.3217   0.0339 -2305.369
 22  20   1004.7    297.3   0.0640   1.6498   0.0388   1.2785   0.0388 -2318.349
 22  21   1003.6    298.4   0.0641   1.6515   0.0388   1.2836   0.0388 -2321.200
 23   1   1006.0    296.0   0.1890   9.0144   0.0210   6.5852   0.0210 -2658.402
 23   2    999.7    302.3   0.1986  12.3452   0.0161   9.0557   0.0161 -2687.230
 23   3   1005.7    296.3   0.1961  11.4797   0.0171   8.2929   0.0171 -2661.916
 23   4   1015.1    286.9   0.2015   8.4391   0.0239   6.0502   0.0239 -2644.811
 23   5   1002.9    299.1   0.1922  71.8983   0.0027  50.0000   0.0027 -2667.411
 23   6   1014.6    287.4   0.1903  11.1619   0.0170   7.8354   0.0170 -2641.057
 23   7   1008.4    293.6   0.1979  10.3948   0.0190   7.4914   0.0190 -2661.718
 23   8   1009.9    292.1   0.1977  10.5354   0.0188   7.5506   0.0188 -2656.620
 23   9   1003.6    298.4   0.1376   5.0165   0.0274   3.7676   0.0274 -2556.563
 23  10   1020.0    282.0   0.1176   4.2224   0.0279   3.0196   0.0279 -2450.990
 23  11   1021.3    280.7   0.1198   6.5575   0.0183   4.5228   0.0183 -2449.598
 23  12   1006.3    295.7   0.1340   8.5278   0.0157   6.1215   0.0157 -2530.693
 23  13   1016.6    285.4   0.1301   7.4036   0.0176   5.1742   0.0176 -2481.507
 23  14   1016.5    285.5   0.1320  23.3580   0.0056  15.6767   0.0056 -2529.000
 23  15   1022.3    279.7   0.1203   4.4129   0.0273   3.1270   0.0273 -2445.507
 23  16    997.2    304.8   0.0804   8.5357   0.0094   6.1803   0.0094 -2407.573
 23  17   1004.3    297.7   0.0714  71.3761   0.0010  49.1239   0.0010 -2344.725
 23  18    999.1    302.9   0.0571   3.1653   0.0180   2.3407   0.0180 -2327.770
 23  19   1000.7    301.3   0.0521   3.2109   0.0162   2.3491   0.0162 -2288.915
 23  20   1010.8    291.2   0.0627   1.8137   0.0346   1.3631   0.0346 -2298.835
 23  21   1009.7    292.3   0.0627   1.9344   0.0324   1.4490   0.0324 -2306.577
 23  22   1009.5    292.5   0.0489  19.4688   0.0025  13.2361   0.0025 -2258.539
 24   1   1003.7    298.3   0.1978   8.4728   0.0233   6.2818   0.0233 -2682.023
 24   2    997.3    304.7   0.1956   8.2828   0.0236   6.2650   0.0236 -2692.638
 24   3   1003.2    298.8   0.2000   5.6879   0.0352   4.3781   0.0352 -2679.037
 24   4   1012.6    289.4   0.2059   5.5885   0.0369   4.2076   0.0369 -2661.952
 24   5   1001.0    301.0   0.1974   6.9371   0.0285   5.2667   0.0285 -2684.882
 24   6   1012.4    289.6   0.1954   8.3982   0.0233   6.0593   0.0233 -2660.767
 24   7   1007.3    294.7   0.2001   6.7081   0.0298   5.0199   0.0298 -2674.377
 24   8   1008.7    293.3   0.1998   6.8521   0.0292   5.0947   0.0292 -2669.557
 24   9   1000.5    301.5   0.1450   7.1934   0.0202   5.3309   0.0202 -2585.534
 24  10   1017.4    284.6   0.1232   3.7826   0.0326   2.7690   0.0326 -2474.359
 24  11   1019.0    283.0   0.1279   7.7197   0.0166   5.3335   0.0166 -2482.946
 24  12   1004.9    297.1   0.1398  10.0948   0.0138   7.2350   0.0138 -2554.061
 24  13   1013.9    288.1   0.1343   5.9017   0.0228   4.2313   0.0228 -2504.852
 24  14   1014.7    287.3   0.1348  75.0432   0.0018  50.0000   0.0018 -2547.927
 24  15   1019.4    282.6   0.1250   3.5909   0.0348   2.6319   0.0348 -2466.535
 24  16    995.2    306.8   0.0861   9.2695   0.0093   6.7496   0.0093 -2432.498
 24  17   1001.5    300.5   0.0771   3.2167   0.0240   2.4049   0.0240 -2370.199
 24  18    996.9    305.1   0.0572  23.3419   0.0024  16.5395   0.0024 -2340.441
 24  19    998.6    303.4   0.0561   2.8150   0.0199   2.0971   0.0199 -2313.639
 24  20   1008.2    293.8   0.0611   9.9728   0.0061   6.8940   0.0061 -2318.102
 24  21   1007.1    294.9   0.0612  22.1792   0.0028  15.2126   0.0028 -2324.242
 24  22   1007.3    294.7   0.0456   1.6485   0.0276   1.2251   0.0276 -2252.078
 24  23   1014.1    287.9   0.0257   1.0984   0.0234   0.7887   0.0234 -2135.560
 25   1   1004.5    297.5   0.1963   8.9598   0.0219   6.5957   0.0219 -2677.292
 25   2    998.2    303.8   0.1974   7.1430   0.0276   5.4544   0.0276 -2691.647
 25   3   1004.1    297.9   0.1968   6.6067   0.0298   4.9907   0.0298 -2672.281
 25   4   1013.4    288.6   0.2027   6.5643   0.0309   4.8387   0.0309 -2655.403
 25   5   1001.7    300.3   0.1947   6.3732   0.0306   4.8586   0.0306 -2676.523
 25   6   1013.2    288.8   0.1926   8.6685   0.0222   6.2176   0.0222 -2653.594
 25   7   1008.0    294.0   0.1977   5.3447   0.0370   4.0802   0.0370 -2665.274
 25   8   1009.4    292.6   0.1974   5.4657   0.0361   4.1439   0.0361 -2660.424
 25   9   1001.6    300.4   0.1464   5.4232   0.0270   4.0920   0.0270 -2583.452
 25  10   1018.2    283.8   0.1208   3.2959   0.0367   2.4385   0.0367 -2464.037
 25  11   1019.8    282.2   0.1253   8.2402   0.0152   5.6523   0.0152 -2473.512
 25  12   1005.6    296.4   0.1357  10.5275   0.0129   7.5040   0.0129 -2542.190
 25  13   1014.7    287.3   0.1329   6.2272   0.0213   4.4331   0.0213 -2498.756
 25  14   1015.4    286.6   0.1347  39.7270   0.0034  26.5468   0.0034 -2544.070
 25  15   1020.2    281.8   0.1233   4.2713   0.0289   3.0634   0.0289 -2460.761
 25  16    996.1    305.9   0.0849   3.1569   0.0269   2.4202   0.0269 -2424.700
 25  17   1002.4    299.6   0.0770   4.3008   0.0179   3.1473   0.0179 -2368.841
 25  18    997.7    304.3   0.0570   2.9663   0.0192   2.2107   0.0192 -2337.962
 25  19    999.4    302.6   0.0584   5.7067   0.0102   4.1135   0.0102 -2320.113
 25  20   1009.0    293.0   0.0612  32.4416   0.0019  22.0449   0.0019 -2315.619
 25  21   1007.9    294.1   0.0612  30.5976   0.0020  20.8747   0.0020 -2321.747
 25  22   1008.1    293.9   0.0456   1.8502   0.0247   1.3591   0.0247 -2252.101
 25  23   1015.0    287.0   0.0236   1.1682   0.0202   0.8277   0.0202 -2126.134
 25  24   1012.0    290.0   0.0071   0.0789   0.0896   0.0692   0.0896 -1779.424
 26   1   1004.5    297.5   0.1899  16.9187   0.0112  12.0385   0.0112 -2656.373
 26   2    996.9    305.1   0.1950   7.5619   0.0258   5.7643   0.0258 -2680.416
 26   3   1009.1    292.9   0.1895  73.4430   0.0026  50.0000   0.0026 -2645.565
 26   4   1020.3    281.7   0.1976  10.0507   0.0197   6.9873   0.0197 -2629.039
 26   5   1009.5    292.5   0.1913  40.4731   0.0047  27.7213   0.0047 -2656.239
 26   6   1020.2    281.8   0.1958  22.0384   0.0089  14.7691   0.0089 -2638.743
 26   7   1020.2    281.8   0.1943  31.1684   0.0062  20.6970   0.0062 -2641.169
 26   8   1021.8    280.2   0.1939  32.5533   0.0060  21.4741   0.0060 -2635.586
 26   9   1001.4    300.6   0.1332  22.9898   0.0058  16.2333   0.0058 -2553.062
 26  10   1026.7    275.3   0.1203   6.4326   0.0187   4.3647   0.0187 -2443.002
 26  11   1031.0    271.0   0.1100  79.6677   0.0014  50.0000   0.0014 -2414.943
 26  12   1016.3    285.7   0.1357  75.4715   0.0018  50.0000   0.0018 -2520.167
 26  13   1022.7    279.3   0.1259  11.5073   0.0109   7.7014   0.0109 -2464.733
 26  14   1025.3    276.7   0.1294  77.9428   0.0017  50.0000   0.0017 -2508.578
 26  15   1023.8    278.2   0.1208  77.5446   0.0016  50.0000   0.0016 -2443.795
 26  16    995.0    307.0   0.0993  19.5020   0.0051  14.0241   0.0051 -2457.467
 26  17   1004.8    297.2   0.0860   2.1814   0.0394   1.6927   0.0394 -2378.889
 26  18   1001.3    300.7   0.0623   3.0141   0.0207   2.2319   0.0207 -2343.698
 26  19   1005.4    296.6   0.0614   3.4201   0.0180   2.4797   0.0180 -2314.201
 26  20   1013.3    288.7   0.0635   2.6437   0.0240   1.9067   0.0240 -2305.102
 26  21   1012.3    289.7   0.0636   2.6269   0.0242   1.9021   0.0242 -2311.838
 26  22   1015.6    286.4   0.0593   1.5962   0.0371   1.1921   0.0371 -2272.710
 26  23   1018.1    283.9   0.0537   9.9876   0.0054   6.6594   0.0054 -2256.294
 26  24   1016.0    286.0   0.0523   1.9656   0.0266   1.4180   0.0266 -2257.706
 26  25   1016.7    285.3   0.0512   2.2418   0.0228   1.5938   0.0228 -2252.731
 27   1    999.4    302.6   0.2007   5.5638   0.0361   4.3415   0.0361 -2685.563
 27   2    994.0    308.0   0.2062   7.2537   0.0284   5.6203   0.0284 -2707.837
 27   3    994.9    307.1   0.2037  13.3671   0.0152   9.9247   0.0152 -2697.144
 27   4   1002.6    299.4   0.2112   8.0812   0.0261   6.0633   0.0261 -2687.986
 27   5    991.1    310.9   0.2056   6.3189   0.0325   4.9968   0.0325 -2707.765
 27   6   1002.9    299.1   0.2074   5.1077   0.0406   3.9987   0.0406 -2692.340
 27   7    994.3    307.7   0.2095  13.2396   0.0158   9.8671   0.0158 -2707.715
 27   8    995.6    306.4   0.2092  13.5806   0.0154  10.0691   0.0154 -2703.550
 27   9    995.8    306.2   0.1418  14.3765   0.0099  10.4697   0.0099 -2582.438
 27  10   1006.2    295.8   0.1166  15.3027   0.0076  10.7013   0.0076 -2481.443
 27  11   1005.7    296.3   0.1233  29.4128   0.0042  20.3660   0.0042 -2491.873
 27  12    992.8    309.2   0.1390  69.7238   0.0020  50.0000   0.0020 -2564.601
 27  13   1002.8    299.2   0.1307  19.6128   0.0067  13.8211   0.0067 -2513.255
 27  14   1003.1    298.9   0.1342  15.3281   0.0088  10.8652   0.0088 -2558.437
 27  15   1011.8    290.2   0.1215  49.7189   0.0024  33.5327   0.0024 -2479.218
 27  16    991.8    310.2   0.0901   4.9073   0.0184   3.7138   0.0184 -2442.341
 27  17    994.7    307.3   0.0911   2.5876   0.0352   2.0410   0.0352 -2418.738
 27  18    989.8    312.2   0.0696   1.6553   0.0420   1.3494   0.0420 -2377.898
 27  19    989.5    312.5   0.0675   1.2670   0.0532   1.0660   0.0532 -2338.617
 27  20   1000.1    301.9   0.0676   2.1507   0.0315   1.6521   0.0315 -2348.597
 27  21    999.1    302.9   0.0677   2.3205   0.0292   1.7754   0.0292 -2355.733
 27  22    996.9    305.1   0.0594   1.6363   0.0363   1.2866   0.0363 -2311.085
 27  23   1006.3    295.7   0.0576   2.9001   0.0199   2.1097   0.0199 -2296.136
 27  24   1003.2    298.8   0.0559   1.5078   0.0371   1.1675   0.0371 -2293.000
 27  25   1004.0    298.0   0.0547   1.5971   0.0343   1.2231   0.0343 -2288.698
 27  26   1003.7    298.3   0.0555   1.8394   0.0302   1.3925   0.0302 -2286.606
 28   1   1002.0    300.0   0.1900   6.7249   0.0283   5.0874   0.0283 -2661.893
 28   2    995.7    306.3   0.1897   7.7721   0.0244   5.9208   0.0244 -2677.468
 28   3   1001.1    300.9   0.1851  16.3678   0.0113  11.7758   0.0113 -2651.781
 28   4   1010.2    291.8   0.1941  73.7033   0.0026  50.0000   0.0026 -2644.734
 28   5    998.7    303.3   0.1915   5.5825   0.0343   4.3416   0.0343 -2667.422
 28   6   1010.3    291.7   0.1924   9.4619   0.0203   6.8069   0.0203 -2651.231
 28   7   1004.9    297.1   0.1953  14.9483   0.0131  10.6856   0.0131 -2664.651
 28   8   1006.3    295.7   0.1950  15.3859   0.0127  10.9342   0.0127 -2659.730
 28   9    998.7    303.3   0.1310  71.1051   0.0018  50.0000   0.0018 -2552.040
 28  10   1015.0    287.0   0.1096  49.8569   0.0022  33.2316   0.0022 -2439.338
 28  11   1016.4    285.6   0.1098  43.6565   0.0025  28.9906   0.0025 -2436.453
 28  12   1002.5    299.5   0.1250  72.0392   0.0017  50.0000   0.0017 -2513.475
 28  13   1011.3    290.7   0.1215  74.2344   0.0016  50.0000   0.0016 -2475.066
 28  14   1012.4    289.6   0.1191  22.7234   0.0052  15.4407   0.0052 -2505.037
 28  15   1017.2    284.8   0.1132  75.8007   0.0015  50.0000   0.0015 -2440.057
 28  16    993.6    308.4   0.0855   8.8704   0.0096   6.4987   0.0096 -2425.400
 28  17    999.3    302.7   0.0778   1.9766   0.0394   1.5576   0.0394 -2369.078
 28  18    994.8    307.2   0.0564   1.8700   0.0302   1.4527   0.0302 -2327.807
 28  19    996.3    305.7   0.0567   1.6597   0.0342   1.2991   0.0342 -2303.366
 28  20   1006.0    296.0   0.0551   2.2061   0.0250   1.6324   0.0250 -2289.745
 28  21   1005.0    297.0   0.0552   2.3563   0.0234   1.7405   0.0234 -2297.627
 28  22   1004.9    297.1   0.0521   1.3525   0.0385   1.0465   0.0385 -2261.843
 28  23   1011.7    290.3   0.0503   1.9162   0.0263   1.3990   0.0263 -2254.599
 28  24   1008.9    293.1   0.0486   1.6354   0.0297   1.2173   0.0297 -2254.191
 28  25   1009.7    292.3   0.0474   1.8386   0.0258   1.3486   0.0258 -2250.070
 28  26   1013.4    288.6   0.0439   1.9226   0.0228   1.3810   0.0228 -2227.692
 28  27   1001.1    300.9   0.0400   0.6688   0.0599   0.5560   0.0599 -2191.111
 29   1   1002.5    299.5   0.1867  16.4996   0.0113  11.8163   0.0113 -2653.236
 29   2    996.5    305.5   0.1920   7.2605   0.0264   5.5516   0.0264 -2674.232
 29   3   1000.9    301.1   0.1869  12.5388   0.0149   9.1311   0.0149 -2652.788
 29   4   1009.6    292.4   0.1947   7.6696   0.0254   5.6198   0.0254 -2639.872
 29   5    998.1    303.9   0.1850  11.5643   0.0160   8.5231   0.0160 -2658.870
 29   6   1009.8    292.2   0.1878  12.5118   0.0150   8.8601   0.0150 -2643.232
 29   7   1003.4    298.6   0.1927   9.5872   0.0201   7.0412   0.0201 -2657.822
 29   8   1004.8    297.2   0.1924   9.7765   0.0197   7.1399   0.0197 -2653.028
 29   9    999.2    302.8   0.1321  71.2184   0.0019  50.0000   0.0019 -2551.146
 29  10   1014.1    287.9   0.1094  74.9791   0.0015  50.0000   0.0015 -2438.373
 29  11   1014.9    287.1   0.1084  75.2121   0.0014  50.0000   0.0014 -2432.219
 29  12   1001.2    300.8   0.1329  71.6998   0.0019  50.0000   0.0019 -2531.487
 29  13   1010.5    291.5   0.1243  74.0053   0.0017  50.0000   0.0017 -2477.775
 29  14   1011.3    290.7   0.1282  73.6416   0.0017  49.6167   0.0017 -2524.917
 29  15   1017.2    284.8   0.1208  75.7503   0.0016  50.0000   0.0016 -2457.370
 29  16    994.0    308.0   0.0838  25.9178   0.0032  18.5829   0.0032 -2418.802
 29  17    999.4    302.6   0.0726  31.1080   0.0023  21.8564   0.0023 -2353.228
 29  18    994.7    307.3   0.0539   1.5659   0.0344   1.2322   0.0344 -2309.254
 29  19    995.7    306.3   0.0517   1.9098   0.0271   1.4662   0.0271 -2287.800
 29  20   1005.7    296.3   0.0523   2.1318   0.0245   1.5766   0.0245 -2278.241
 29  21   1004.7    297.3   0.0523   2.2089   0.0237   1.6342   0.0237 -2284.913
 29  22   1004.0    298.0   0.0533   1.2762   0.0418   0.9995   0.0418 -2264.218
 29  23   1011.6    290.4   0.0458   2.2175   0.0207   1.5905   0.0207 -2232.938
 29  24   1008.7    293.3   0.0465   1.1682   0.0398   0.8974   0.0398 -2227.874
 29  25   1009.5    292.5   0.0453   1.2357   0.0366   0.9380   0.0366 -2218.825
 29  26   1012.2    289.8   0.0341   1.1803   0.0289   0.8676   0.0289 -2164.088
 29  27   1001.6    300.4   0.0359   0.5497   0.0653   0.4633   0.0653 -2139.829
 29  28   1006.5    295.5   0.0237   0.7244   0.0327   0.5482   0.0327 -2111.114
 30   1   1003.2    298.8   0.1865  15.4793   0.0120  11.0897   0.0120 -2651.118
 30   2    997.1    304.9   0.1915   9.1925   0.0208   6.8976   0.0208 -2673.465
 30   3   1001.6    300.4   0.1868  10.2388   0.0182   7.5189   0.0182 -2650.514
 30   4   1010.4    291.6   0.1945   7.2304   0.0269   5.3117   0.0269 -2636.963
 30   5    998.8    303.2   0.1846  19.7132   0.0094  14.1975   0.0094 -2657.281
 30   6   1010.5    291.5   0.1876  11.5677   0.0162   8.2058   0.0162 -2640.690
 30   7   1004.1    297.9   0.1921  17.2193   0.0112  12.2636   0.0112 -2656.317
 30   8   1005.5    296.5   0.1918  17.9118   0.0107  12.6809   0.0107 -2651.450
 30   9    999.8    302.2   0.1320  71.3775   0.0018  50.0000   0.0018 -2549.130
 30  10   1014.8    287.2   0.1093  75.1782   0.0015  50.0000   0.0015 -2435.365
 30  11   1015.7    286.3   0.1083  75.4152   0.0014  50.0000   0.0014 -2429.200
 30  12   1001.9    300.1   0.1328  71.8673   0.0018  50.0000   0.0018 -2529.081
 30  13   1011.2    290.8   0.1242  74.1994   0.0017  50.0000   0.0017 -2475.003
 30  14   1012.1    289.9   0.1281  74.3935   0.0017  50.0000   0.0017 -2522.431
 30  15   1017.9    284.1   0.1207  75.9462   0.0016  50.0000   0.0016 -2454.076
 30  16    994.6    307.4   0.0837  25.1743   0.0033  18.0198   0.0033 -2416.757
 30  17   1000.1    301.9   0.0730   3.2399   0.0225   2.4218   0.0225 -2351.127
 30  18    995.4    306.6   0.0538   1.6151   0.0333   1.2646   0.0333 -2310.540
 30  19    996.4    305.6   0.0517   1.8452   0.0280   1.4177   0.0280 -2284.172
 30  20   1006.4    295.6   0.0523   2.0551   0.0254   1.5208   0.0254 -2274.368
 30  21   1005.4    296.6   0.0523   2.1220   0.0246   1.5713   0.0246 -2281.177
 30  22   1004.8    297.2   0.0533   1.2542   0.0425   0.9822   0.0425 -2259.795
 30  23   1012.4    289.6   0.0458   2.1359   0.0215   1.5321   0.0215 -2228.909
 30  24   1009.5    292.5   0.0465   1.1519   0.0403   0.8844   0.0403 -2223.481
 30  25   1010.3    291.7   0.0452   1.2699   0.0356   0.9589   0.0356 -2220.350
 30  26   1012.9    289.1   0.0341   1.1642   0.0293   0.8549   0.0293 -2159.261
 30  27   1002.3    299.7   0.0359   0.5435   0.0660   0.4581   0.0660 -2135.189
 30  28   1007.2    294.8   0.0237   0.7156   0.0331   0.5410   0.0331 -2106.275
 30  29   1007.2    294.8   0.0000   0.0033   0.0010   0.0023   0.0010 -1625.141
 31   1    996.8    305.2   0.1854   7.1027   0.0261   5.4200   0.0261 -2658.305
 31   2    990.8    311.2   0.1896   9.0002   0.0211   6.8861   0.0211 -2679.876
 31   3    995.2    306.8   0.1877  14.1931   0.0132  10.4639   0.0132 -2663.349
 31   4   1003.9    298.1   0.1911  72.1428   0.0026  50.0000   0.0026 -2648.746
 31   5    992.8    309.2   0.1875   8.3064   0.0226   6.3476   0.0226 -2670.338
 31   6   1004.4    297.6   0.1871  15.0096   0.0125  10.7253   0.0125 -2653.572
 31   7    998.4    303.6   0.1889  12.9840   0.0146   9.5171   0.0146 -2661.829
 31   8    999.8    302.2   0.1886  13.4810   0.0140   9.8217   0.0140 -2657.401
 31   9    993.1    308.9   0.1318  69.8165   0.0019  50.0000   0.0019 -2557.924
 31  10   1008.3    293.7   0.1065  16.7738   0.0063  11.5978   0.0063 -2444.282
 31  11   1009.3    292.7   0.1080  73.7727   0.0015  50.0000   0.0015 -2443.256
 31  12    995.9    306.1   0.1346  70.4576   0.0019  50.0000   0.0019 -2543.205
 31  13   1004.6    297.4   0.1218   5.6451   0.0216   4.1501   0.0216 -2480.991
 31  14   1006.1    295.9   0.1276  30.2308   0.0042  20.9069   0.0042 -2534.198
 31  15   1011.2    290.8   0.1167  74.2181   0.0016  50.0000   0.0016 -2462.164
 31  16    988.2    313.8   0.0797  18.9960   0.0042  13.9152   0.0042 -2415.037
 31  17    993.3    308.7   0.0723   3.6405   0.0199   2.7546   0.0199 -2361.707
 31  18    988.9    313.1   0.0519   1.7680   0.0294   1.3937   0.0294 -2321.824
 31  19    989.9    312.1   0.0488  48.8309   0.0010  35.2241   0.0010 -2296.445
 31  20    999.8    302.2   0.0499   3.0244   0.0165   2.2211   0.0165 -2287.591
 31  21    998.8    303.2   0.0495  49.4241   0.0010  34.6455   0.0010 -2291.628
 31  22    998.2    303.8   0.0492   1.2705   0.0387   1.0024   0.0387 -2262.384
 31  23   1005.4    296.6   0.0427   3.3899   0.0126   2.4158   0.0126 -2239.418
 31  24   1002.7    299.3   0.0413   1.2876   0.0320   0.9833   0.0320 -2227.541
 31  25   1003.5    298.5   0.0401   1.4758   0.0272   1.1077   0.0272 -2225.248
 31  26   1006.6    295.4   0.0343   1.3488   0.0255   0.9977   0.0255 -2191.817
 31  27    995.4    306.6   0.0327   0.6265   0.0522   0.5176   0.0522 -2153.258
 31  28   1000.5    301.5   0.0216   0.6397   0.0338   0.4944   0.0338 -2103.123
 31  29   1000.3    301.7   0.0061   0.2397   0.0256   0.1808   0.0256 -1896.442
 31  30   1001.0    301.0   0.0061   0.2356   0.0260   0.1776   0.0260 -1890.814
 32   1   1006.5    295.5   0.1860   5.4314   0.0342   4.1289   0.0342 -2648.688
 32   2   1000.7    301.3   0.1888  13.4590   0.0140   9.7780   0.0140 -2671.024
 32   3   1003.8    298.2   0.1889   7.5086   0.0252   5.5957   0.0252 -2654.487
 32   4   1012.2    289.8   0.1952  33.2526   0.0059  22.6560   0.0059 -2642.573
 32   5   1000.4    301.6   0.1884  12.4471   0.0151   9.0840   0.0151 -2665.153
 32   6   1012.2    289.8   0.1900  13.8506   0.0137   9.6902   0.0137 -2647.173
 32   7   1004.7    297.3   0.1951  14.7568   0.0132  10.5609   0.0132 -2664.870
 32   8   1006.0    296.0   0.1948  15.4849   0.0126  11.0110   0.0126 -2659.993
 32   9   1003.4    298.6   0.1338  61.5305   0.0022  42.6468   0.0022 -2550.749
 32  10   1016.4    285.6   0.1079  11.9709   0.0090   8.1306   0.0090 -2433.699
 32  11   1016.7    285.3   0.1132  75.6486   0.0015  50.0000   0.0015 -2440.998
 32  12   1002.9    299.1   0.1296  72.1270   0.0018  50.0000   0.0018 -2523.409
 32  13   1013.0    289.0   0.1225   6.5777   0.0186   4.6662   0.0186 -2471.353
 32  14   1013.1    288.9   0.1223  12.4167   0.0098   8.5501   0.0098 -2510.635
 32  15   1020.6    281.4   0.1136  76.6933   0.0015  50.0000   0.0015 -2435.143
 32  16    998.5    303.5   0.0814   2.6304   0.0310   2.0269   0.0310 -2404.110
 32  17   1003.2    298.8   0.0769   2.2036   0.0349   1.6951   0.0349 -2358.311
 32  18    998.1    303.9   0.0518   1.8535   0.0279   1.4168   0.0279 -2308.572
 32  19    998.7    303.3   0.0494   1.4882   0.0332   1.1535   0.0332 -2268.427
 32  20   1009.0    293.0   0.0498   2.3288   0.0214   1.6878   0.0214 -2266.100
 32  21   1008.0    294.0   0.0498   2.4806   0.0201   1.7962   0.0201 -2274.076
 32  22   1006.7    295.3   0.0498   1.6987   0.0293   1.2712   0.0293 -2253.306
 32  23   1015.3    286.7   0.0437   2.0807   0.0210   1.4765   0.0210 -2221.402
 32  24   1012.2    289.8   0.0420   1.2560   0.0335   0.9368   0.0335 -2207.214
 32  25   1013.0    289.0   0.0409   1.2775   0.0320   0.9460   0.0320 -2200.330
 32  26   1014.2    287.8   0.0449   1.4753   0.0305   1.0833   0.0305 -2213.891
 32  27   1006.0    296.0   0.0249   0.4940   0.0504   0.3946   0.0504 -2083.762
 32  28   1010.0    292.0   0.0205   0.6488   0.0316   0.4842   0.0316 -2082.592
 32  29   1010.2    291.8   0.0216   0.6214   0.0347   0.4680   0.0347 -2064.973
 32  30   1011.0    291.0   0.0215   0.6145   0.0351   0.4623   0.0351 -2059.896
 32  31   1004.0    298.0   0.0194   0.5462   0.0355   0.4199   0.0355 -2056.054
 33   1   1006.1    295.9   0.1868   9.3701   0.0199   6.8207   0.0199 -2655.378
 33   2   1000.4    301.6   0.1876   9.2303   0.0203   6.8476   0.0203 -2671.982
 33   3   1003.2    298.8   0.1889  11.3081   0.0167   8.2217   0.0167 -2657.887
 33   4   1011.5    290.5   0.1979   7.9210   0.0250   5.7627   0.0250 -2649.033
 33   5    999.8    302.2   0.1904  10.8459   0.0176   7.9917   0.0176 -2671.985
 33   6   1011.6    290.4   0.1923   8.5146   0.0226   6.1462   0.0226 -2653.166
 33   7   1004.0    298.0   0.1972  11.9258   0.0165   8.6458   0.0165 -2671.734
 33   8   1005.3    296.7   0.1969  11.9892   0.0164   8.6521   0.0164 -2666.937
 33   9   1002.9    299.1   0.1386   5.5877   0.0248   4.1711   0.0248 -2561.734
 33  10   1015.6    286.4   0.1094  19.4272   0.0056  13.0764   0.0056 -2443.075
 33  11   1015.8    286.2   0.1161  14.3510   0.0081   9.7348   0.0081 -2452.761
 33  12   1002.3    299.7   0.1313  71.9552   0.0018  50.0000   0.0018 -2531.522
 33  13   1012.2    289.8   0.1255   7.6826   0.0163   5.4223   0.0163 -2483.048
 33  14   1012.4    289.6   0.1254   6.9052   0.0182   4.9000   0.0182 -2521.001
 33  15   1019.9    282.1   0.1140  76.5108   0.0015  50.0000   0.0015 -2439.145
 33  16    998.2    303.8   0.0825   2.4432   0.0338   1.9000   0.0338 -2410.412
 33  17   1002.6    299.4   0.0712   2.2782   0.0312   1.7361   0.0312 -2348.549
 33  18    997.6    304.4   0.0549   1.7959   0.0306   1.3858   0.0306 -2317.043
 33  19    998.1    303.9   0.0476   1.4479   0.0329   1.1234   0.0329 -2265.093
 33  20   1008.4    293.6   0.0506   1.6307   0.0310   1.2209   0.0310 -2260.788
 33  21   1007.4    294.6   0.0508   1.6795   0.0302   1.2580   0.0302 -2269.115
 33  22   1006.0    296.0   0.0484   1.4524   0.0333   1.1027   0.0333 -2250.265
 33  23   1014.6    287.4   0.0424   1.7502   0.0242   1.2580   0.0242 -2221.328
 33  24   1011.5    290.5   0.0408   1.3990   0.0292   1.0316   0.0292 -2217.204
 33  25   1012.3    289.7   0.0418   1.4883   0.0281   1.0910   0.0281 -2220.692
 33  26   1013.4    288.6   0.0504   1.4938   0.0337   1.1110   0.0337 -2242.723
 33  27   1005.5    296.5   0.0259   0.4735   0.0547   0.3835   0.0547 -2088.455
 33  28   1009.4    292.6   0.0236   0.6338   0.0373   0.4823   0.0373 -2097.988
 33  29   1009.6    292.4   0.0247   0.6491   0.0380   0.4947   0.0380 -2095.384
 33  30   1010.3    291.7   0.0247   0.6418   0.0384   0.4887   0.0384 -2090.485
 33  31   1003.4    298.6   0.0226   0.6300   0.0359   0.4857   0.0359 -2094.198
 33  32   1013.7    288.3   0.0112   0.4344   0.0257   0.3146   0.0257 -1981.285
 34   1   1003.7    298.3   0.1922   7.0691   0.0272   5.3033   0.0272 -2676.179
 34   2    998.3    303.7   0.1947   8.9837   0.0217   6.7349   0.0217 -2695.033
 34   3    999.9    302.1   0.1936   7.9630   0.0243   5.9894   0.0243 -2680.304
 34   4   1007.6    294.4   0.2016   9.2304   0.0218   6.7303   0.0218 -2672.615
 34   5    996.4    305.6   0.1919   7.2638   0.0264   5.5551   0.0264 -2685.358
 34   6   1008.0    294.0   0.1930  10.5892   0.0182   7.6223   0.0182 -2670.976
 34   7   1000.1    301.9   0.1988   7.8610   0.0253   5.9271   0.0253 -2686.261
 34   8   1001.3    300.7   0.1985   8.0545   0.0246   6.0382   0.0246 -2682.093
 34   9   1000.0    302.0   0.1258   5.9128   0.0213   4.4041   0.0213 -2548.302
 34  10   1011.2    290.8   0.1124  13.5888   0.0083   9.3670   0.0083 -2470.960
 34  11   1011.1    290.9   0.1125  74.1997   0.0015  50.0000   0.0015 -2467.070
 34  12    998.3    303.7   0.1357  71.0032   0.0019  50.0000   0.0019 -2557.667
 34  13   1007.9    294.1   0.1203   4.9077   0.0245   3.6050   0.0245 -2486.942
 34  14   1008.5    293.5   0.1245  20.8749   0.0060  14.4074   0.0060 -2535.042
 34  15   1016.1    285.9   0.1181  75.4875   0.0016  50.0000   0.0016 -2472.110
 34  16    995.8    306.2   0.0856   8.0179   0.0107   5.8528   0.0107 -2437.215
 34  17    999.2    302.8   0.0756   3.2826   0.0230   2.4644   0.0230 -2378.411
 34  18    994.5    307.5   0.0576   2.2189   0.0260   1.7043   0.0260 -2355.877
 34  19    994.3    307.7   0.0545   1.5183   0.0359   1.2010   0.0359 -2315.732
 34  20   1004.5    297.5   0.0547   2.3175   0.0236   1.7149   0.0236 -2313.849
 34  21   1003.6    298.4   0.0546   2.6373   0.0207   1.9395   0.0207 -2320.762
 34  22   1001.9    300.1   0.0525   1.4172   0.0370   1.1013   0.0370 -2289.811
 34  23   1010.5    291.5   0.0470   2.2483   0.0209   1.6194   0.0209 -2261.748
 34  24   1007.6    294.4   0.0454   1.3035   0.0349   0.9896   0.0349 -2252.225
 34  25   1008.5    293.5   0.0442   1.5702   0.0282   1.1648   0.0282 -2253.220
 34  26   1008.9    293.1   0.0462   1.5415   0.0300   1.1484   0.0300 -2252.793
 34  27   1002.3    299.7   0.0325   0.5320   0.0612   0.4425   0.0612 -2138.806
 34  28   1005.6    296.4   0.0248   0.5748   0.0431   0.4500   0.0431 -2123.138
 34  29   1005.9    296.1   0.0206   0.5120   0.0402   0.3971   0.0402 -2075.742
 34  30   1006.6    295.4   0.0206   0.5061   0.0407   0.3922   0.0407 -2071.043
 34  31    999.8    302.2   0.0186   0.4833   0.0385   0.3793   0.0385 -2063.557
 34  32   1010.1    291.9   0.0174   0.4481   0.0389   0.3419   0.0389 -2032.500
 34  33   1009.6    292.4   0.0206   0.5621   0.0366   0.4266   0.0366 -2080.556
 35   1   1003.4    298.6   0.1880   4.7038   0.0400   3.6708   0.0400 -2666.901
 35   2    997.7    304.3   0.1938  12.0033   0.0161   8.8622   0.0161 -2695.157
 35   3   1000.6    301.4   0.1885  27.4217   0.0069  19.4752   0.0069 -2671.501
 35   4   1008.8    293.2   0.1978   6.3374   0.0312   4.7407   0.0312 -2662.576
 35   5    997.7    304.3   0.1897  18.9595   0.0100  13.7315   0.0100 -2681.891
 35   6   1009.2    292.8   0.1915  15.0617   0.0127  10.6083   0.0127 -2666.103
 35   7   1002.2    299.8   0.1963  20.7583   0.0095  14.7923   0.0095 -2682.398
 35   8   1003.5    298.5   0.1960  21.6839   0.0090  15.3654   0.0090 -2678.017
 35   9    999.7    302.3   0.1328  22.2521   0.0060  15.8039   0.0060 -2566.932
 35  10   1012.9    289.1   0.1147  10.8217   0.0106   7.4770   0.0106 -2473.334
 35  11   1013.3    288.7   0.1148  74.7634   0.0015  50.0000   0.0015 -2468.468
 35  12   1000.2    301.8   0.1387  71.4366   0.0019  50.0000   0.0019 -2561.018
 35  13   1009.5    292.5   0.1285   8.0537   0.0160   5.7271   0.0160 -2506.764
 35  14   1010.2    291.8   0.1319  11.9117   0.0111   8.3158   0.0111 -2547.990
 35  15   1016.8    285.2   0.1229  75.6621   0.0016  50.0000   0.0016 -2480.242
 35  16    995.4    306.6   0.0803  16.3769   0.0049  11.7550   0.0049 -2424.400
 35  17    999.6    302.4   0.0808   2.2735   0.0355   1.7701   0.0355 -2385.507
 35  18    995.0    307.0   0.0553   2.2883   0.0242   1.7457   0.0242 -2341.319
 35  19    995.4    306.6   0.0556   1.4253   0.0390   1.1343   0.0390 -2311.175
 35  20   1005.4    296.6   0.0545   2.3632   0.0231   1.7414   0.0231 -2307.319
 35  21   1004.4    297.6   0.0548   2.2240   0.0246   1.6517   0.0246 -2310.418
 35  22   1003.3    298.7   0.0536   1.2448   0.0430   0.9805   0.0430 -2273.945
 35  23   1011.3    290.7   0.0459   1.9355   0.0237   1.4034   0.0237 -2251.776
 35  24   1008.4    293.6   0.0475   1.5910   0.0299   1.1867   0.0299 -2264.160
 35  25   1009.3    292.7   0.0464   1.7221   0.0269   1.2693   0.0269 -2260.857
 35  26   1010.9    291.1   0.0505   1.5580   0.0324   1.1626   0.0324 -2259.296
 35  27   1002.2    299.8   0.0357   0.5916   0.0604   0.4911   0.0604 -2165.918
 35  28   1006.4    295.6   0.0290   0.6624   0.0438   0.5186   0.0438 -2142.493
 35  29   1006.5    295.5   0.0248   0.5820   0.0426   0.4538   0.0426 -2103.471
 35  30   1007.2    294.8   0.0248   0.5754   0.0431   0.4484   0.0431 -2098.784
 35  31   1000.4    301.6   0.0227   0.5629   0.0403   0.4434   0.0403 -2100.317
 35  32   1010.4    291.6   0.0195   0.5024   0.0389   0.3830   0.0389 -2050.921
 35  33   1009.9    292.1   0.0195   0.5662   0.0344   0.4265   0.0344 -2074.048
 35  34   1006.5    295.5   0.0144   0.2327   0.0619   0.1918   0.0619 -1957.733
 36   1    997.8    304.2   0.2038  10.6322   0.0192   7.9207   0.0192 -2700.220
 36   2    990.3    311.7   0.2100  12.6337   0.0166   9.5539   0.0166 -2727.000
 36   3   1002.6    299.4   0.2030   8.0864   0.0251   6.0479   0.0251 -2688.212
 36   4   1013.6    288.4   0.2138   8.4982   0.0252   6.1465   0.0252 -2678.511
 36   5   1003.6    298.4   0.2062   5.7326   0.0360   4.4185   0.0360 -2696.299
 36   6   1014.0    288.0   0.2025   8.9573   0.0226   6.4163   0.0226 -2673.844
 36   7   1014.8    287.2   0.2069   4.1120   0.0503   3.2048   0.0503 -2673.137
 36   8   1016.4    285.6   0.2064   4.4046   0.0469   3.3819   0.0469 -2668.411
 36   9    993.9    308.1   0.1536  10.4798   0.0147   7.7916   0.0147 -2608.625
 36  10   1020.0    282.0   0.1247  28.1488   0.0044  18.5827   0.0044 -2478.472
 36  11   1024.6    277.4   0.1269  20.6709   0.0061  13.5140   0.0061 -2473.297
 36  12   1010.5    291.5   0.1444  73.9308   0.0020  50.0000   0.0020 -2557.568
 36  13   1015.9    286.1   0.1424   8.4356   0.0169   5.8950   0.0169 -2518.508
 36  14   1019.4    282.6   0.1456  35.5436   0.0041  23.4865   0.0041 -2565.313
 36  15   1016.7    285.3   0.1303  23.0024   0.0057  15.4281   0.0057 -2488.339
 36  16    988.2    313.8   0.1012  11.8150   0.0086   8.7730   0.0086 -2476.561
 36  17    997.6    304.4   0.0903   3.2124   0.0281   2.4604   0.0281 -2409.755
 36  18    994.7    307.3   0.0604   3.0082   0.0201   2.2685   0.0201 -2352.238
 36  19    998.7    303.3   0.0673   2.4059   0.0280   1.8360   0.0280 -2343.738
 36  20   1006.4    295.6   0.0713   2.5381   0.0281   1.8943   0.0281 -2349.073
 36  21   1005.3    296.7   0.0714   2.4182   0.0295   1.8183   0.0295 -2351.634
 36  22   1008.9    293.1   0.0532   2.4912   0.0213   1.8059   0.0213 -2277.833
 36  23   1010.5    291.5   0.0658   3.2922   0.0200   2.3646   0.0200 -2312.917
 36  24   1008.8    293.2   0.0599   2.1304   0.0281   1.5785   0.0281 -2296.800
 36  25   1009.5    292.5   0.0576   2.2734   0.0254   1.6661   0.0254 -2285.820
 36  26   1020.3    281.7   0.0683  17.5987   0.0039  11.5824   0.0039 -2310.440
 36  27    996.2    305.8   0.0711   2.3812   0.0299   1.8409   0.0299 -2359.598
 36  28   1006.3    295.7   0.0669   2.0947   0.0319   1.5824   0.0319 -2321.184
 36  29   1004.8    297.2   0.0668   3.0110   0.0222   2.2163   0.0222 -2324.223
 36  30   1005.6    296.4   0.0667   3.8561   0.0173   2.7884   0.0173 -2324.508
 36  31    999.3    302.7   0.0638   3.9360   0.0162   2.8917   0.0162 -2327.229
 36  32   1006.7    295.3   0.0600   2.1250   0.0283   1.5851   0.0283 -2294.097
 36  33   1006.0    296.0   0.0636  14.4312   0.0044   9.9912   0.0044 -2318.097
 36  34   1001.6    300.4   0.0685   1.8526   0.0370   1.4405   0.0370 -2342.609
 36  35   1003.7    298.3   0.0729   2.2662   0.0322   1.7265   0.0322 -2356.623
 37   1    997.0    305.0   0.2045  13.0484   0.0157   9.6389   0.0157 -2703.182
 37   2    989.6    312.4   0.2157   8.8253   0.0244   6.8446   0.0244 -2734.572
 37   3   1001.0    301.0   0.2157  12.1957   0.0177   8.9550   0.0177 -2708.596
 37   4   1011.9    290.1   0.2131  74.0594   0.0029  50.0000   0.0029 -2679.746
 37   5   1001.5    300.5   0.2077  32.7537   0.0063  23.1574   0.0063 -2706.067
 37   6   1012.2    289.8   0.2043  31.3360   0.0065  21.3991   0.0065 -2680.788
 37   7   1012.1    289.9   0.2070  18.8376   0.0110  13.0674   0.0110 -2683.921
 37   8   1013.7    288.3   0.2066  19.7777   0.0104  13.6227   0.0104 -2678.795
 37   9    993.2    308.8   0.1652  13.8993   0.0119  10.2665   0.0119 -2632.975
 37  10   1018.2    283.8   0.1361   5.9173   0.0230   4.1889   0.0230 -2505.031
 37  11   1022.3    279.7   0.1408  21.9755   0.0064  14.4952   0.0064 -2507.372
 37  12   1008.0    294.0   0.1503  73.2976   0.0021  50.0000   0.0021 -2570.462
 37  13   1014.1    287.9   0.1480   8.0299   0.0184   5.6727   0.0184 -2531.830
 37  14   1017.1    284.9   0.1495  18.5205   0.0081  12.5082   0.0081 -2573.357
 37  15   1015.7    286.3   0.1391  13.1572   0.0106   9.0057   0.0106 -2505.628
 37  16    987.7    314.3   0.0977  15.0770   0.0065  11.1426   0.0065 -2471.363
 37  17    996.7    305.3   0.0865   2.0809   0.0415   1.6623   0.0415 -2390.974
 37  18    993.4    308.6   0.0639   9.5115   0.0067   6.9089   0.0067 -2367.684
 37  19    997.2    304.8   0.0686   1.9190   0.0357   1.5053   0.0357 -2348.017
 37  20   1005.2    296.8   0.0725   2.2635   0.0320   1.7158   0.0320 -2350.123
 37  21   1004.1    297.9   0.0726   2.3647   0.0307   1.7907   0.0307 -2357.525
 37  22   1007.3    294.7   0.0610   2.0087   0.0304   1.5058   0.0304 -2300.394
 37  23   1009.7    292.3   0.0634   2.2481   0.0282   1.6616   0.0282 -2300.371
 37  24   1007.8    294.2   0.0644   2.1972   0.0293   1.6392   0.0293 -2315.662
 37  25   1008.5    293.5   0.0622   2.5383   0.0245   1.8611   0.0245 -2308.896
 37  26   1018.3    283.7   0.0783   2.1365   0.0366   1.5805   0.0366 -2330.658
 37  27    995.8    306.2   0.0771   2.5738   0.0300   1.9927   0.0300 -2380.082
 37  28   1005.3    296.7   0.0729   1.9565   0.0372   1.5065   0.0372 -2337.967
 37  29   1004.0    298.0   0.0703   1.4967   0.0470   1.1903   0.0470 -2322.872
 37  30   1004.8    297.2   0.0703   1.4726   0.0477   1.1712   0.0477 -2318.737
 37  31    998.4    303.6   0.0674   1.7625   0.0382   1.3879   0.0382 -2328.419
 37  32   1006.2    295.8   0.0694   1.6943   0.0410   1.3160   0.0410 -2319.303
 37  33   1005.4    296.6   0.0667   1.6068   0.0415   1.2526   0.0415 -2318.331
 37  34   1001.0    301.0   0.0755   2.3867   0.0316   1.8293   0.0316 -2374.939
 37  35   1002.9    299.1   0.0741   2.0952   0.0354   1.6152   0.0354 -2359.725
 37  36   1011.9    290.1   0.0438   0.8574   0.0510   0.6751   0.0510 -2207.132
 38   1    998.7    303.3   0.1977   5.3682   0.0368   4.2064   0.0368 -2701.126
 38   2    993.1    308.9   0.1994   6.6867   0.0298   5.2154   0.0298 -2715.668
 38   3    995.4    306.6   0.2013   8.4916   0.0237   6.4606   0.0237 -2707.582
 38   4   1003.3    298.7   0.2044   6.7198   0.0304   5.0972   0.0304 -2689.634
 38   5    992.4    309.6   0.1998   7.7035   0.0259   5.9521   0.0259 -2714.553
 38   6   1003.7    298.3   0.1965  12.3388   0.0159   8.9338   0.0159 -2694.056
 38   7    996.8    305.2   0.1977   8.7246   0.0227   6.5902   0.0227 -2699.985
 38   8    998.0    304.0   0.1975   8.8768   0.0222   6.6710   0.0222 -2695.987
 38   9    994.8    307.2   0.1590   5.4990   0.0289   4.2564   0.0289 -2626.414
 38  10   1007.2    294.8   0.1364  15.2786   0.0089  10.6942   0.0089 -2541.725
 38  11   1007.5    294.5   0.1355  42.4220   0.0032  29.0970   0.0032 -2536.327
 38  12    994.7    307.3   0.1416  70.1656   0.0020  50.0000   0.0020 -2577.756
 38  13   1003.9    298.1   0.1435   8.9420   0.0160   6.4732   0.0160 -2553.818
 38  14   1004.7    297.3   0.1491  18.4613   0.0081  12.9921   0.0081 -2602.058
 38  15   1011.5    290.5   0.1412  24.2107   0.0058  16.5325   0.0058 -2539.692
 38  16    991.0    311.0   0.0908   4.5745   0.0198   3.4858   0.0198 -2463.723
 38  17    994.5    307.5   0.0909   3.6784   0.0247   2.8145   0.0247 -2438.258
 38  18    990.0    312.0   0.0688   3.1915   0.0216   2.4511   0.0216 -2398.105
 38  19    990.2    311.8   0.0659   2.3238   0.0284   1.8198   0.0284 -2370.659
 38  20   1000.1    301.9   0.0742   6.7571   0.0110   4.8716   0.0110 -2389.390
 38  21    999.1    302.9   0.0743   6.9074   0.0108   4.9912   0.0108 -2394.516
 38  22    997.9    304.1   0.0598   2.2325   0.0268   1.7016   0.0268 -2332.610
 38  23   1005.9    296.1   0.0675   2.1890   0.0308   1.6499   0.0308 -2339.613
 38  24   1003.1    298.9   0.0625   1.9727   0.0317   1.5029   0.0317 -2331.351
 38  25   1004.0    298.0   0.0602   2.0473   0.0294   1.5449   0.0294 -2320.122
 38  26   1005.3    296.7   0.0779  15.5514   0.0050  10.8123   0.0050 -2384.000
 38  27    997.3    304.7   0.0805   2.6186   0.0307   2.0232   0.0307 -2403.881
 38  28   1001.1    300.9   0.0705   2.0533   0.0343   1.5861   0.0343 -2360.819
 38  29   1001.4    300.6   0.0667   2.2252   0.0300   1.6955   0.0300 -2348.474
 38  30   1002.0    300.0   0.0666   2.3598   0.0282   1.7848   0.0282 -2349.252
 38  31    995.4    306.6   0.0637   2.6041   0.0245   1.9860   0.0245 -2352.821
 38  32   1005.3    296.7   0.0655   2.2947   0.0286   1.7205   0.0286 -2341.153
 38  33   1004.8    297.2   0.0661   3.1209   0.0212   2.2905   0.0212 -2351.204
 38  34   1001.6    300.4   0.0704   2.4499   0.0287   1.8580   0.0287 -2377.517
 38  35   1001.8    300.2   0.0714   2.5045   0.0285   1.8974   0.0285 -2380.868
 38  36    998.2    303.8   0.0597   1.4453   0.0413   1.1490   0.0413 -2318.163
 38  37    997.4    304.6   0.0571   2.0702   0.0276   1.5840   0.0276 -2329.667
 39   1    999.8    302.2   0.1985  16.7270   0.0119  12.1032   0.0119 -2703.470
 39   2    993.3    308.7   0.2025  22.8490   0.0089  16.7148   0.0089 -2723.953
 39   3   1000.2    301.8   0.2071  12.6858   0.0163   9.2975   0.0163 -2711.734
 39   4   1009.7    292.3   0.2007  73.5392   0.0027  50.0000   0.0027 -2675.495
 39   5    999.0    303.0   0.1951  10.4230   0.0187   7.7255   0.0187 -2700.019
 39   6   1010.0    292.0   0.1945  26.0794   0.0075  18.0002   0.0075 -2680.097
 39   7   1006.6    295.4   0.1939   7.2016   0.0269   5.3515   0.0269 -2681.488
 39   8   1008.0    294.0   0.1935   7.7170   0.0251   5.6765   0.0251 -2677.002
 39   9    996.1    305.9   0.1502  70.4384   0.0021  50.0000   0.0021 -2612.326
 39  10   1014.8    287.2   0.1272  19.2100   0.0066  13.0118   0.0066 -2505.510
 39  11   1017.1    284.9   0.1299  14.0559   0.0092   9.5328   0.0092 -2504.313
 39  12   1003.6    298.4   0.1443  72.2287   0.0020  50.0000   0.0020 -2572.218
 39  13   1011.1    290.9   0.1322  74.1364   0.0018  50.0000   0.0018 -2518.978
 39  14   1013.0    289.0   0.1419  12.9234   0.0110   8.9379   0.0110 -2571.647
 39  15   1015.6    286.4   0.1286   4.7676   0.0270   3.4475   0.0270 -2498.261
 39  16    991.4    310.6   0.0877  13.3424   0.0066   9.7505   0.0066 -2455.593
 39  17    997.7    304.3   0.0819  17.7798   0.0046  12.6567   0.0046 -2407.138
 39  18    993.8    308.2   0.0672   2.3464   0.0286   1.8204   0.0286 -2384.660
 39  19    995.8    306.2   0.0623   1.7595   0.0354   1.3844   0.0354 -2333.957
 39  20   1004.7    297.3   0.0691   2.9038   0.0238   2.1493   0.0238 -2361.048
 39  21   1003.7    298.3   0.0691   2.9839   0.0232   2.2110   0.0232 -2367.121
 39  22   1004.7    297.3   0.0565   2.9569   0.0191   2.1564   0.0191 -2311.030
 39  23   1009.8    292.2   0.0587   2.5981   0.0226   1.8859   0.0226 -2305.776
 39  24   1007.4    294.6   0.0520   2.0733   0.0251   1.5277   0.0251 -2290.864
 39  25   1008.2    293.8   0.0519   2.4734   0.0210   1.7949   0.0210 -2292.503
 39  26   1013.9    288.1   0.0696   3.3994   0.0205   2.4192   0.0205 -2341.162
 39  27    998.6    303.4   0.0700   1.9592   0.0358   1.5309   0.0358 -2365.445
 39  28   1005.2    296.8   0.0671   1.4112   0.0475   1.1204   0.0475 -2325.712
 39  29   1004.7    297.3   0.0610   1.9754   0.0309   1.4944   0.0309 -2320.265
 39  30   1005.4    296.6   0.0610   1.9319   0.0316   1.4614   0.0316 -2316.574
 39  31    998.9    303.1   0.0558   2.0032   0.0279   1.5273   0.0279 -2313.945
 39  32   1007.7    294.3   0.0567   1.4496   0.0391   1.1147   0.0391 -2290.512
 39  33   1007.1    294.9   0.0544   1.6944   0.0321   1.2777   0.0321 -2296.607
 39  34   1003.3    298.7   0.0649   1.8521   0.0351   1.4248   0.0351 -2351.042
 39  35   1004.3    297.7   0.0637   1.7177   0.0371   1.3256   0.0371 -2344.847
 39  36   1007.2    294.8   0.0508   1.3820   0.0367   1.0564   0.0367 -2275.740
 39  37   1005.8    296.2   0.0452   1.2018   0.0376   0.9250   0.0376 -2257.456
 39  38    999.1    302.9   0.0347   1.3637   0.0254   1.0316   0.0254 -2254.827
 40   1   1000.7    301.3   0.1947  16.5267   0.0118  11.9220   0.0118 -2684.067
 40   2    994.5    307.5   0.2047  20.8917   0.0098  15.2699   0.0098 -2713.623
 40   3    999.7    302.3   0.2078  15.5653   0.0134  11.3204   0.0134 -2700.574
 40   4   1008.6    293.4   0.2043  73.2631   0.0028  50.0000   0.0028 -2674.047
 40   5    997.7    304.3   0.1972  29.2166   0.0068  20.9388   0.0068 -2694.203
 40   6   1009.0    293.0   0.1969  23.6528   0.0083  16.4254   0.0083 -2673.197
 40   7   1004.0    298.0   0.1997  13.8762   0.0144   9.9884   0.0144 -2684.141
 40   8   1005.4    296.6   0.1994  13.9161   0.0143   9.9709   0.0143 -2679.443
 40   9    996.9    305.1   0.1467   6.3904   0.0230   4.8295   0.0230 -2589.302
 40  10   1013.3    288.7   0.1247  10.1526   0.0123   7.0450   0.0123 -2486.332
 40  11   1014.8    287.2   0.1258  75.1015   0.0017  50.0000   0.0017 -2481.982
 40  12   1001.4    300.6   0.1373  71.7411   0.0019  50.0000   0.0019 -2548.471
 40  13   1009.7    292.3   0.1310   6.4554   0.0203   4.6531   0.0203 -2501.033
 40  14   1011.1    290.9   0.1418  74.1151   0.0019  50.0000   0.0019 -2564.604
 40  15   1015.5    286.5   0.1226   4.8961   0.0250   3.5188   0.0250 -2465.161
 40  16    992.4    309.6   0.0861  17.5904   0.0049  12.7441   0.0049 -2434.919
 40  17    997.8    304.2   0.0806   2.7375   0.0294   2.1041   0.0294 -2382.595
 40  18    993.6    308.4   0.0580   3.2690   0.0177   2.4557   0.0177 -2346.782
 40  19    995.0    307.0   0.0549   3.4129   0.0161   2.5399   0.0161 -2312.969
 40  20   1004.4    297.6   0.0619   2.8157   0.0220   2.0742   0.0220 -2321.273
 40  21   1003.4    298.6   0.0620   2.8353   0.0219   2.0942   0.0219 -2326.759
 40  22   1003.5    298.5   0.0523   2.0500   0.0255   1.5309   0.0255 -2275.303
 40  23   1009.8    292.2   0.0543   2.3094   0.0235   1.6814   0.0235 -2270.574
 40  24   1007.2    294.8   0.0520   2.5869   0.0201   1.8777   0.0201 -2277.025
 40  25   1008.0    294.0   0.0497   2.8348   0.0175   2.0357   0.0175 -2268.268
 40  26   1012.0    290.0   0.0573   9.7138   0.0059   6.6251   0.0059 -2286.422
 40  27    999.5    302.5   0.0654   8.9991   0.0073   6.4230   0.0073 -2343.664
 40  28   1005.1    296.9   0.0617   2.5140   0.0245   1.8629   0.0245 -2311.937
 40  29   1004.8    297.2   0.0572   2.1554   0.0265   1.6084   0.0265 -2292.738
 40  30   1005.5    296.5   0.0571   2.0870   0.0274   1.5581   0.0274 -2288.955
 40  31    998.9    303.1   0.0542   2.4205   0.0224   1.8153   0.0224 -2292.054
 40  32   1008.2    293.8   0.0539   1.9373   0.0278   1.4366   0.0278 -2271.853
 40  33   1007.6    294.4   0.0556   1.9704   0.0282   1.4656   0.0282 -2282.279
 40  34   1004.0    298.0   0.0620   2.2139   0.0280   1.6636   0.0280 -2325.157
 40  35   1004.7    297.3   0.0629   3.0735   0.0205   2.2509   0.0205 -2332.587
 40  36   1005.0    297.0   0.0465   1.1071   0.0420   0.8652   0.0420 -2236.550
 40  37   1003.9    298.1   0.0430   1.2231   0.0352   0.9396   0.0352 -2238.247
 40  38    999.6    302.4   0.0348   1.1020   0.0316   0.8481   0.0316 -2230.160
 40  39   1003.8    298.2   0.0206   0.9705   0.0212   0.7145   0.0212 -2146.369
 41   1    997.3    304.7   0.1973   5.9940   0.0329   4.6618   0.0329 -2690.485
 41   2    991.3    310.7   0.2102  10.0677   0.0209   7.6866   0.0209 -2725.759
 41   3    995.2    306.8   0.2126   4.8745   0.0436   3.9333   0.0436 -2710.908
 41   4   1003.7    298.3   0.2072  72.0413   0.0029  50.0000   0.0029 -2686.825
 41   5    992.9    309.1   0.2015  11.2870   0.0179   8.5001   0.0179 -2708.495
 41   6   1004.3    297.7   0.2012  11.6035   0.0173   8.4243   0.0173 -2689.286
 41   7    998.5    303.5   0.2026   7.5496   0.0268   5.7449   0.0268 -2695.816
 41   8    999.9    302.1   0.2023   7.8038   0.0259   5.8982   0.0259 -2691.472
 41   9    993.1    308.9   0.1487  69.7713   0.0021  50.0000   0.0021 -2599.930
 41  10   1008.0    294.0   0.1301  38.4050   0.0034  26.3175   0.0034 -2507.238
 41  11   1009.0    293.0   0.1319   9.5112   0.0139   6.7288   0.0139 -2504.309
 41  12    996.1    305.9   0.1415  70.4666   0.0020  50.0000   0.0020 -2565.758
 41  13   1004.4    297.6   0.1369  24.7764   0.0055  17.3067   0.0055 -2524.883
 41  14   1005.9    296.1   0.1417  72.8146   0.0019  50.0000   0.0019 -2573.442
 41  15   1011.2    290.8   0.1252  74.1833   0.0017  50.0000   0.0017 -2486.781
 41  16    989.2    312.8   0.0866  11.8995   0.0073   8.7750   0.0073 -2441.654
 41  17    993.6    308.4   0.0835   7.8545   0.0106   5.7729   0.0106 -2401.860
 41  18    989.4    312.6   0.0664   2.9708   0.0223   2.2913   0.0223 -2379.346
 41  19    990.3    311.7   0.0620   2.2608   0.0274   1.7654   0.0274 -2335.574
 41  20    999.9    302.1   0.0669   8.4304   0.0079   6.0225   0.0079 -2348.413
 41  21    998.9    303.1   0.0670   9.5060   0.0070   6.7925   0.0070 -2354.194
 41  22    998.4    303.6   0.0594   2.2731   0.0261   1.7265   0.0261 -2311.552
 41  23   1005.2    296.8   0.0605   3.4851   0.0173   2.5232   0.0173 -2308.343
 41  24   1002.7    299.3   0.0627   3.4103   0.0184   2.4962   0.0184 -2326.776
 41  25   1003.6    298.4   0.0604   2.7216   0.0222   2.0112   0.0222 -2316.176
 41  26   1006.5    295.5   0.0693  28.7484   0.0024  19.7331   0.0024 -2336.495
 41  27    995.8    306.2   0.0749   3.2125   0.0233   2.4388   0.0233 -2372.121
 41  28   1000.6    301.4   0.0663   4.1041   0.0161   3.0026   0.0161 -2337.594
 41  29   1000.5    301.5   0.0638  24.1879   0.0026  16.9505   0.0026 -2327.832
 41  30   1001.2    300.8   0.0638  22.1887   0.0029  15.5254   0.0029 -2325.224
 41  31    994.5    307.5   0.0608   8.1012   0.0075   5.8790   0.0075 -2328.189
 41  32   1004.2    297.8   0.0606   1.6895   0.0359   1.2995   0.0359 -2301.008
 41  33   1003.6    298.4   0.0616  15.5205   0.0040  10.8121   0.0040 -2319.671
 41  34   1000.2    301.8   0.0641   3.8526   0.0166   2.8270   0.0166 -2347.573
 41  35   1000.7    301.3   0.0663   6.9603   0.0095   4.9853   0.0095 -2351.965
 41  36    999.5    302.5   0.0579   1.2280   0.0472   0.9894   0.0472 -2293.056
 41  37    998.5    303.5   0.0544   1.4437   0.0377   1.1347   0.0377 -2286.950
 41  38    995.7    306.3   0.0449   1.1142   0.0403   0.8896   0.0403 -2279.747
 41  39    999.1    302.9   0.0324   1.0975   0.0295   0.8405   0.0295 -2210.940
 41  40    999.2    302.8   0.0218   0.8712   0.0250   0.6581   0.0250 -2142.577

