Supplemental results for CODEML (seqf: cox3.pal2nal  treef: )


pairwise comparison (Goldman & Yang 1994)
seq seq        N       S       dN       dS     dN/dS   Paras.
  2   1    548.8    177.2   0.0093   0.3190   0.0292   0.2548   0.0292 -1139.309
  3   1    556.3    169.7   0.0487   2.3548   0.0207   1.7632   0.0207 -1318.031
  3   2    555.1    170.9   0.0409   2.5426   0.0161   1.8894   0.0161 -1301.294
  4   1    555.0    171.0   0.0391   1.7727   0.0220   1.3419   0.0220 -1291.664
  4   2    554.0    172.0   0.0295   1.5899   0.0185   1.1973   0.0185 -1266.190
  4   3    561.1    164.9   0.0292   1.6780   0.0174   1.2112   0.0174 -1256.224
  5   1    553.3    172.7   0.0391   1.6137   0.0243   1.2414   0.0243 -1292.768
  5   2    552.2    173.8   0.0295   1.9451   0.0152   1.4640   0.0152 -1273.508
  5   3    558.4    167.6   0.0237   1.3907   0.0170   1.0177   0.0170 -1242.967
  5   4    559.2    166.8   0.0125   0.9391   0.0134   0.6764   0.0134 -1193.768
  6   1    555.2    170.8   0.0390   1.7305   0.0226   1.3112   0.0226 -1291.441
  6   2    554.2    171.8   0.0294   1.6596   0.0177   1.2459   0.0177 -1265.475
  6   3    560.9    165.1   0.0181   1.4097   0.0128   1.0039   0.0128 -1225.808
  6   4    560.9    165.1   0.0125   0.7369   0.0170   0.5316   0.0170 -1176.256
  6   5    559.9    166.1   0.0054   0.3419   0.0157   0.2471   0.0157 -1103.191
  7   1    553.9    172.1   0.0352   2.1740   0.0162   1.6262   0.0162 -1292.209
  7   2    553.0    173.0   0.0257   1.3886   0.0185   1.0512   0.0185 -1259.844
  7   3    559.5    166.5   0.0199   1.3427   0.0148   0.9697   0.0148 -1232.844
  7   4    559.8    166.2   0.0125   0.9064   0.0138   0.6516   0.0138 -1193.090
  7   5    558.9    167.1   0.0072   0.7384   0.0097   0.5265   0.0097 -1170.589
  7   6    560.3    165.7   0.0053   0.6408   0.0083   0.4512   0.0083 -1152.269
  8   1    555.2    170.8   0.0370   2.1155   0.0175   1.5784   0.0175 -1293.428
  8   2    554.2    171.8   0.0275   1.3696   0.0201   1.0354   0.0201 -1261.190
  8   3    560.7    165.3   0.0217   1.3342   0.0163   0.9615   0.0163 -1234.711
  8   4    560.9    165.1   0.0143   0.8740   0.0164   0.6293   0.0164 -1192.483
  8   5    560.0    166.0   0.0089   0.7483   0.0119   0.5338   0.0119 -1174.316
  8   6    561.5    164.5   0.0071   0.6490   0.0110   0.4577   0.0110 -1156.147
  8   7    560.4    165.6   0.0018   0.0130   0.1367   0.0130   0.1367  -959.960
  9   1    557.8    168.2   0.1061   3.2314   0.0328   2.4909   0.0328 -1413.792
  9   2    556.7    169.3   0.1012   9.8440   0.0103   7.1193   0.0103 -1405.879
  9   3    564.8    161.2   0.0768  52.2760   0.0015  35.0067   0.0015 -1356.378
  9   4    563.0    163.0   0.0918   3.5608   0.0258   2.6115   0.0258 -1373.338
  9   5    560.7    165.3   0.0953   2.5580   0.0372   1.9680   0.0372 -1381.825
  9   6    563.0    163.0   0.0883   3.3358   0.0265   2.4520   0.0265 -1366.354
  9   7    561.6    164.4   0.0921   5.7387   0.0161   4.1120   0.0161 -1382.643
  9   8    562.8    163.2   0.0941   4.8068   0.0196   3.4596   0.0196 -1382.657
 10   1    555.2    170.8   0.1012  70.4987   0.0014  50.0000   0.0014 -1422.917
 10   2    554.2    171.8   0.0967  70.1084   0.0014  50.0000   0.0014 -1414.201
 10   3    563.2    162.8   0.0672  67.2349   0.0010  45.3874   0.0010 -1354.808
 10   4    559.5    166.5   0.0858  26.9283   0.0032  18.7202   0.0032 -1385.639
 10   5    555.8    170.2   0.0815   5.1084   0.0159   3.7806   0.0159 -1384.281
 10   6    558.9    167.1   0.0739  50.8594   0.0015  35.2984   0.0015 -1366.496
 10   7    557.4    168.6   0.0744   5.0606   0.0147   3.6964   0.0147 -1372.674
 10   8    558.5    167.5   0.0760   9.9589   0.0076   7.0674   0.0076 -1374.147
 10   9    564.0    162.0   0.0198   1.7629   0.0112   1.2259   0.0112 -1232.338
 11   1    553.2    172.8   0.1120   4.6966   0.0238   3.6086   0.0238 -1422.318
 11   2    552.4    173.6   0.1061  69.3588   0.0015  50.0000   0.0015 -1412.603
 11   3    557.9    168.1   0.0822   7.1830   0.0114   5.1795   0.0114 -1366.105
 11   4    559.8    166.2   0.0966   5.2781   0.0183   3.8494   0.0183 -1379.351
 11   5    559.8    166.2   0.0936   2.5507   0.0367   1.9684   0.0367 -1370.324
 11   6    560.8    165.2   0.0953   3.1689   0.0301   2.3845   0.0301 -1369.559
 11   7    559.8    166.2   0.0927   4.3657   0.0212   3.2123   0.0212 -1377.579
 11   8    561.0    165.0   0.0947   3.8538   0.0246   2.8474   0.0246 -1377.181
 11   9    560.6    165.4   0.0328   1.1854   0.0277   0.8860   0.0277 -1227.523
 11  10    554.7    171.3   0.0293   1.9229   0.0152   1.4280   0.0152 -1260.404
 12   1    553.4    172.6   0.1113   6.0597   0.0184   4.5755   0.0184 -1423.216
 12   2    552.6    173.4   0.1046   4.2332   0.0247   3.2728   0.0247 -1409.794
 12   3    558.9    167.1   0.0844   2.9050   0.0291   2.2005   0.0291 -1367.663
 12   4    559.6    166.4   0.0924   5.0869   0.0182   3.7113   0.0182 -1376.036
 12   5    558.8    167.2   0.0870   2.5500   0.0341   1.9627   0.0341 -1366.681
 12   6    560.3    165.7   0.0866   3.7849   0.0229   2.7926   0.0229 -1363.223
 12   7    559.1    166.9   0.0865   2.8155   0.0307   2.1412   0.0307 -1369.449
 12   8    560.3    165.7   0.0885   2.5475   0.0347   1.9490   0.0347 -1368.698
 12   9    561.3    164.7   0.0365   1.5620   0.0234   1.1475   0.0234 -1250.116
 12  10    556.7    169.3   0.0330   2.1734   0.0152   1.5961   0.0152 -1273.308
 12  11    560.0    166.0   0.0071   0.5919   0.0120   0.4224   0.0120 -1123.115
 13   1    554.6    171.4   0.1092   3.8791   0.0282   2.9979   0.0282 -1423.117
 13   2    553.8    172.2   0.1016  12.2788   0.0083   8.9701   0.0083 -1411.053
 13   3    560.1    165.9   0.0798   3.8398   0.0208   2.8165   0.0208 -1366.850
 13   4    560.7    165.3   0.0900   4.0975   0.0220   3.0075   0.0220 -1375.900
 13   5    559.8    166.2   0.0869   2.8785   0.0302   2.1778   0.0302 -1371.612
 13   6    561.3    164.7   0.0842   3.7723   0.0223   2.7627   0.0223 -1362.802
 13   7    560.2    165.8   0.0840   3.4864   0.0241   2.5834   0.0241 -1370.564
 13   8    561.3    164.7   0.0859   3.0843   0.0278   2.2981   0.0278 -1370.158
 13   9    562.4    163.6   0.0327   1.6317   0.0201   1.1791   0.0201 -1246.213
 13  10    558.2    167.8   0.0292   2.0873   0.0140   1.5148   0.0140 -1266.684
 13  11    561.0    165.0   0.0107   0.6485   0.0165   0.4669   0.0165 -1141.303
 13  12    560.3    165.7   0.0035   0.4735   0.0075   0.3325   0.0075 -1107.525
 14   1    554.4    171.6   0.1083  70.1575   0.0015  50.0000   0.0015 -1423.685
 14   2    553.6    172.4   0.1016  16.9170   0.0060  12.2838   0.0060 -1411.326
 14   3    559.8    166.2   0.0798   3.5703   0.0223   2.6362   0.0223 -1366.629
 14   4    560.5    165.5   0.0900   3.7133   0.0242   2.7475   0.0242 -1375.541
 14   5    559.7    166.3   0.0868   2.9686   0.0293   2.2404   0.0293 -1372.441
 14   6    561.2    164.8   0.0842   3.9582   0.0213   2.8912   0.0213 -1363.585
 14   7    560.1    165.9   0.0840   3.2862   0.0256   2.4475   0.0256 -1369.993
 14   8    561.2    164.8   0.0859   2.9548   0.0291   2.2113   0.0291 -1369.529
 14   9    562.2    163.8   0.0328   1.5970   0.0205   1.1574   0.0205 -1245.508
 14  10    557.8    168.2   0.0292   2.0768   0.0141   1.5108   0.0141 -1266.398
 14  11    561.0    165.0   0.0107   0.6329   0.0169   0.4563   0.0169 -1141.295
 14  12    560.2    165.8   0.0035   0.4848   0.0073   0.3403   0.0073 -1109.517
 14  13    561.3    164.7   0.0000   0.0198   0.0010   0.0135   0.0010  -946.957
 15   1    551.3    174.7   0.1119   4.0586   0.0276   3.1844   0.0276 -1432.849
 15   2    550.8    175.2   0.1114   4.2859   0.0260   3.3561   0.0260 -1429.021
 15   3    555.5    170.5   0.0828   3.9488   0.0210   2.9717   0.0210 -1377.330
 15   4    557.9    168.1   0.1019   2.2336   0.0456   1.7861   0.0456 -1394.056
 15   5    558.0    168.0   0.0957   2.8528   0.0336   2.2008   0.0336 -1390.720
 15   6    558.9    167.1   0.0954   3.3127   0.0288   2.5071   0.0288 -1385.570
 15   7    558.2    167.8   0.0948  10.6891   0.0089   7.6305   0.0089 -1394.143
 15   8    559.2    166.8   0.0970   4.1472   0.0234   3.0832   0.0234 -1394.491
 15   9    558.3    167.7   0.0347   1.4892   0.0233   1.1122   0.0233 -1255.613
 15  10    553.4    172.6   0.0390   2.5260   0.0154   1.8907   0.0154 -1298.350
 15  11    560.2    165.8   0.0308   1.4318   0.0215   1.0522   0.0215 -1235.994
 15  12    558.5    167.5   0.0310   1.0516   0.0295   0.7994   0.0295 -1233.792
 15  13    559.8    166.2   0.0309   1.1437   0.0270   0.8571   0.0270 -1236.308
 15  14    559.8    166.2   0.0309   1.2253   0.0252   0.9128   0.0252 -1239.182
 16   1    552.1    173.9   0.1049   7.1367   0.0147   5.3667   0.0147 -1422.638
 16   2    551.5    174.5   0.1002   5.7392   0.0175   4.3669   0.0175 -1413.078
 16   3    556.1    169.9   0.0783   5.0139   0.0156   3.6996   0.0156 -1370.013
 16   4    558.8    167.2   0.0926   4.0856   0.0227   3.0364   0.0227 -1384.222
 16   5    559.4    166.6   0.0888   3.0059   0.0295   2.2751   0.0295 -1378.734
 16   6    560.0    166.0   0.0864   3.8654   0.0224   2.8517   0.0224 -1371.099
 16   7    559.2    166.8   0.0863   3.8932   0.0222   2.8824   0.0222 -1377.877
 16   8    560.3    165.7   0.0840   3.5306   0.0238   2.6121   0.0238 -1371.466
 16   9    558.9    167.1   0.0347   2.6918   0.0129   1.9387   0.0129 -1264.991
 16  10    552.9    173.1   0.0350  15.6110   0.0022  11.2475   0.0022 -1292.214
 16  11    561.5    164.5   0.0252   1.7071   0.0148   1.2188   0.0148 -1228.707
 16  12    559.5    166.5   0.0254   1.5799   0.0161   1.1459   0.0161 -1232.195
 16  13    560.6    165.4   0.0216   1.7003   0.0127   1.2125   0.0127 -1227.009
 16  14    560.6    165.4   0.0216   1.8195   0.0119   1.2934   0.0119 -1228.820
 16  15    561.1    164.9   0.0216   1.7564   0.0123   1.2466   0.0123 -1229.443
 17   1    552.4    173.6   0.1010   3.7644   0.0268   2.9314   0.0268 -1414.136
 17   2    551.9    174.1   0.0942   4.3150   0.0218   3.3198   0.0218 -1401.315
 17   3    555.4    170.6   0.0745   5.9363   0.0126   4.3551   0.0126 -1365.806
 17   4    559.4    166.6   0.0865   3.7895   0.0228   2.8088   0.0228 -1372.344
 17   5    560.8    165.2   0.0805   3.2849   0.0245   2.4293   0.0245 -1362.959
 17   6    560.9    165.1   0.0762   4.1626   0.0183   3.0163   0.0183 -1353.102
 17   7    560.3    165.7   0.0801  11.1596   0.0072   7.8249   0.0072 -1367.612
 17   8    561.3    164.7   0.0779   5.7802   0.0135   4.1136   0.0135 -1361.585
 17   9    558.5    167.5   0.0348   3.1076   0.0112   2.2308   0.0112 -1268.616
 17  10    551.4    174.6   0.0353   4.6835   0.0075   3.4588   0.0075 -1295.615
 17  11    563.5    162.5   0.0271   2.4112   0.0112   1.6817   0.0112 -1234.640
 17  12    560.8    165.2   0.0235   2.4280   0.0097   1.7123   0.0097 -1234.393
 17  13    561.8    164.2   0.0235   2.1203   0.0111   1.4929   0.0111 -1232.731
 17  14    562.0    164.0   0.0235   2.2026   0.0107   1.5471   0.0107 -1233.623
 17  15    563.7    162.3   0.0252   1.7203   0.0146   1.2124   0.0146 -1234.345
 17  16    564.9    161.1   0.0141   0.8304   0.0170   0.5858   0.0170 -1177.725
 18   1    549.9    176.1   0.0994   2.7386   0.0363   2.2193   0.0363 -1414.816
 18   2    549.1    176.9   0.0993   2.6614   0.0373   2.1712   0.0373 -1409.765
 18   3    555.4    170.6   0.0725   3.5879   0.0202   2.6954   0.0202 -1362.367
 18   4    555.8    170.2   0.0912   3.7697   0.0242   2.8606   0.0242 -1387.959
 18   5    554.9    171.1   0.0855   3.7634   0.0227   2.8568   0.0227 -1382.585
 18   6    556.4    169.6   0.0811   3.1712   0.0256   2.4093   0.0256 -1367.953
 18   7    555.3    170.7   0.0851   5.0265   0.0169   3.7406   0.0169 -1383.164
 18   8    556.4    169.6   0.0870   4.6305   0.0188   3.4445   0.0188 -1383.636
 18   9    557.5    168.5   0.0368   1.3960   0.0263   1.0567   0.0263 -1266.284
 18  10    553.7    172.3   0.0371   3.5648   0.0104   2.6232   0.0104 -1297.827
 18  11    556.0    170.0   0.0292   1.0420   0.0281   0.7994   0.0281 -1232.347
 18  12    555.2    170.8   0.0293   1.5260   0.0192   1.1441   0.0192 -1252.353
 18  13    556.4    169.6   0.0292   1.5817   0.0185   1.1758   0.0185 -1253.690
 18  14    556.3    169.7   0.0292   1.5773   0.0185   1.1732   0.0185 -1252.900
 18  15    554.9    171.1   0.0200   1.4960   0.0134   1.1034   0.0134 -1236.727
 18  16    555.6    170.4   0.0198   1.0089   0.0197   0.7558   0.0197 -1218.682
 18  17    556.9    169.1   0.0126   1.1361   0.0111   0.8226   0.0111 -1205.002
 19   1    555.2    170.8   0.0948   2.7322   0.0347   2.1457   0.0347 -1400.749
 19   2    554.2    171.8   0.0941   3.4352   0.0274   2.6542   0.0274 -1399.639
 19   3    562.1    163.9   0.0696   8.6522   0.0080   6.0205   0.0080 -1349.874
 19   4    560.5    165.5   0.0842   5.6061   0.0150   4.0287   0.0150 -1371.560
 19   5    558.4    167.6   0.0810   3.7179   0.0218   2.7624   0.0218 -1370.928
 19   6    560.5    165.5   0.0783   4.0770   0.0192   2.9688   0.0192 -1359.558
 19   7    559.2    166.8   0.0783  11.1869   0.0070   7.8926   0.0070 -1367.557
 19   8    560.4    165.6   0.0802   6.4817   0.0124   4.6209   0.0124 -1368.108
 19   9    563.7    162.3   0.0326   1.6793   0.0194   1.2022   0.0194 -1252.376
 19  10    561.2    164.8   0.0329   2.8061   0.0117   1.9867   0.0117 -1277.058
 19  11    558.3    167.7   0.0329   1.3990   0.0235   1.0453   0.0235 -1250.761
 19  12    558.8    167.2   0.0329   1.7819   0.0184   1.3069   0.0184 -1257.855
 19  13    559.9    166.1   0.0291   1.5094   0.0193   1.1032   0.0193 -1246.848
 19  14    559.7    166.3   0.0291   1.6027   0.0182   1.1688   0.0182 -1249.376
 19  15    556.0    170.0   0.0273   2.0151   0.0136   1.4782   0.0136 -1255.624
 19  16    556.7    169.3   0.0198   1.0342   0.0192   0.7691   0.0192 -1217.511
 19  17    556.5    169.5   0.0199   1.8229   0.0109   1.3225   0.0109 -1235.815
 19  18    555.0    171.0   0.0108   0.8206   0.0131   0.6044   0.0131 -1189.209
 20   1    553.4    172.6   0.0943   4.4422   0.0212   3.3834   0.0212 -1405.424
 20   2    552.5    173.5   0.0939   6.0984   0.0154   4.5865   0.0154 -1401.702
 20   3    559.3    166.7   0.0720   4.0514   0.0178   2.9578   0.0178 -1356.366
 20   4    559.2    166.8   0.0865   3.8379   0.0225   2.8447   0.0225 -1374.357
 20   5    558.0    168.0   0.0828   2.7355   0.0303   2.0899   0.0303 -1371.476
 20   6    559.7    166.3   0.0805   3.3208   0.0242   2.4685   0.0242 -1362.423
 20   7    558.6    167.4   0.0804   3.1486   0.0255   2.3642   0.0255 -1370.087
 20   8    559.7    166.3   0.0823   2.8777   0.0286   2.1678   0.0286 -1369.898
 20   9    561.4    164.6   0.0366   1.5490   0.0236   1.1388   0.0236 -1256.254
 20  10    557.7    168.3   0.0367  22.0056   0.0017  15.3878   0.0017 -1292.383
 20  11    558.9    167.1   0.0328   1.6771   0.0196   1.2342   0.0196 -1249.897
 20  12    558.5    167.5   0.0329   1.7900   0.0184   1.3150   0.0184 -1257.227
 20  13    559.6    166.4   0.0291   1.5142   0.0192   1.1085   0.0192 -1245.363
 20  14    559.5    166.5   0.0291   1.5095   0.0193   1.1059   0.0193 -1244.643
 20  15    557.4    168.6   0.0274   1.8847   0.0145   1.3761   0.0145 -1248.610
 20  16    558.2    167.8   0.0235   1.1489   0.0204   0.8509   0.0204 -1228.442
 20  17    559.1    166.9   0.0236   1.1702   0.0201   0.8616   0.0201 -1227.426
 20  18    554.7    171.3   0.0145   1.0418   0.0139   0.7706   0.0139 -1210.833
 20  19    558.9    167.1   0.0107   1.0205   0.0105   0.7295   0.0105 -1192.734
 21   1    551.4    174.6   0.0926   3.4745   0.0267   2.7173   0.0267 -1402.821
 21   2    550.5    175.5   0.0923   2.3715   0.0389   1.9295   0.0389 -1396.190
 21   3    557.8    168.2   0.0661   7.1578   0.0092   5.1268   0.0092 -1347.557
 21   4    557.1    168.9   0.0829   2.7208   0.0305   2.0900   0.0305 -1368.190
 21   5    555.4    170.6   0.0794   2.3628   0.0336   1.8482   0.0336 -1366.226
 21   6    557.3    168.7   0.0788   2.7036   0.0291   2.0658   0.0291 -1360.030
 21   7    556.1    169.9   0.0747   2.7638   0.0270   2.1119   0.0270 -1361.538
 21   8    557.3    168.7   0.0766   2.5308   0.0303   1.9410   0.0303 -1361.365
 21   9    559.7    166.3   0.0367   1.8045   0.0203   1.3251   0.0203 -1266.924
 21  10    556.8    169.2   0.0332   3.1801   0.0104   2.2995   0.0104 -1281.900
 21  11    555.9    170.1   0.0255   1.8330   0.0139   1.3472   0.0139 -1237.341
 21  12    555.9    170.1   0.0274   1.7477   0.0157   1.2913   0.0157 -1244.561
 21  13    557.1    168.9   0.0273   2.0580   0.0133   1.4992   0.0133 -1249.053
 21  14    556.9    169.1   0.0273   2.2414   0.0122   1.6288   0.0122 -1250.932
 21  15    554.4    171.6   0.0256   1.8973   0.0135   1.4042   0.0135 -1247.986
 21  16    554.9    171.1   0.0217   1.0509   0.0207   0.7929   0.0207 -1222.713
 21  17    555.4    170.6   0.0181   1.2832   0.0141   0.9464   0.0141 -1221.567
 21  18    552.2    173.8   0.0090   0.8553   0.0106   0.6350   0.0106 -1185.509
 21  19    557.1    168.9   0.0090   0.7310   0.0123   0.5309   0.0123 -1169.588
 21  20    555.7    170.3   0.0090   0.7955   0.0113   0.5804   0.0113 -1176.452
 22   1    562.0    164.0   0.0921  73.4789   0.0013  50.0000   0.0013 -1389.927
 22   2    561.0    165.0   0.0922   6.9900   0.0132   4.9810   0.0132 -1387.211
 22   3    569.6    156.4   0.0766   5.4475   0.0141   3.7003   0.0141 -1348.531
 22   4    567.0    159.0   0.0935   3.3112   0.0282   2.3943   0.0282 -1368.874
 22   5    564.1    161.9   0.0903   3.9512   0.0229   2.8536   0.0229 -1372.179
 22   6    566.8    159.2   0.0898   3.9571   0.0227   2.8138   0.0227 -1363.512
 22   7    565.2    160.8   0.0854   4.2222   0.0202   3.0046   0.0202 -1365.176
 22   8    566.5    159.5   0.0873   3.8912   0.0224   2.7695   0.0224 -1365.015
 22   9    571.0    155.0   0.0286   1.5528   0.0184   1.0618   0.0184 -1218.467
 22  10    569.4    156.6   0.0269   3.2383   0.0083   2.1592   0.0083 -1246.401
 22  11    563.6    162.4   0.0233   1.7889   0.0130   1.2546   0.0130 -1209.683
 22  12    564.9    161.1   0.0252   1.2977   0.0194   0.9229   0.0194 -1208.492
 22  13    565.9    160.1   0.0252   1.6347   0.0154   1.1402   0.0154 -1220.347
 22  14    565.6    160.4   0.0252   1.6254   0.0155   1.1362   0.0155 -1219.913
 22  15    560.8    165.2   0.0252   1.2744   0.0198   0.9282   0.0198 -1223.529
 22  16    561.3    164.7   0.0252   1.5127   0.0166   1.0876   0.0166 -1227.958
 22  17    560.3    165.7   0.0235   2.2428   0.0105   1.5900   0.0105 -1233.840
 22  18    561.0    165.0   0.0234   1.4461   0.0162   1.0399   0.0162 -1229.470
 22  19    568.2    157.8   0.0231   1.5155   0.0152   1.0424   0.0152 -1219.090
 22  20    565.2    160.8   0.0269   1.7833   0.0151   1.2478   0.0151 -1232.376
 22  21    563.8    162.2   0.0196   1.4234   0.0138   0.9997   0.0138 -1210.125
 23   1    557.7    168.3   0.1000   3.8578   0.0259   2.9140   0.0259 -1408.850
 23   2    556.8    169.2   0.0997   3.6674   0.0272   2.7934   0.0272 -1405.881
 23   3    564.6    161.4   0.0775   4.2185   0.0184   2.9937   0.0184 -1360.191
 23   4    562.9    163.1   0.0944   2.8702   0.0329   2.1535   0.0329 -1379.210
 23   5    560.5    165.5   0.0931   4.0036   0.0233   2.9543   0.0233 -1386.364
 23   6    562.9    163.1   0.0905   4.7217   0.0192   3.3934   0.0192 -1375.548
 23   7    561.5    164.5   0.0884   3.3478   0.0264   2.4805   0.0264 -1377.774
 23   8    562.6    163.4   0.0903   3.0885   0.0292   2.2947   0.0292 -1377.455
 23   9    566.2    159.8   0.0252   1.5678   0.0160   1.0938   0.0160 -1227.204
 23  10    564.6    161.4   0.0253   2.7032   0.0094   1.8618   0.0094 -1254.760
 23  11    560.6    165.4   0.0254   1.5536   0.0163   1.1207   0.0163 -1226.487
 23  12    561.3    164.7   0.0273   1.4093   0.0193   1.0223   0.0193 -1230.172
 23  13    562.5    163.5   0.0235   1.6549   0.0142   1.1726   0.0142 -1229.109
 23  14    562.3    163.7   0.0236   1.6461   0.0143   1.1683   0.0143 -1228.559
 23  15    559.1    166.9   0.0235   1.6232   0.0145   1.1735   0.0145 -1237.408
 23  16    559.2    166.8   0.0235   1.7445   0.0135   1.2564   0.0135 -1237.220
 23  17    559.0    167.0   0.0254   1.9792   0.0129   1.4244   0.0129 -1244.100
 23  18    557.8    168.2   0.0236   1.5323   0.0154   1.1198   0.0154 -1241.351
 23  19    563.5    162.5   0.0197   2.4027   0.0082   1.6590   0.0082 -1231.802
 23  20    561.5    164.5   0.0235   2.0017   0.0117   1.4154   0.0117 -1239.745
 23  21    559.8    166.2   0.0198   1.7055   0.0116   1.2168   0.0116 -1228.505
 23  22    570.7    155.3   0.0088   0.7351   0.0119   0.4923   0.0119 -1133.293
 24   1    556.7    169.3   0.1024   4.2547   0.0241   3.2114   0.0241 -1412.668
 24   2    555.9    170.1   0.0976   4.1235   0.0237   3.1227   0.0237 -1403.534
 24   3    563.2    162.8   0.0756   4.2812   0.0177   3.0563   0.0177 -1357.577
 24   4    562.3    163.7   0.0924   2.7050   0.0342   2.0447   0.0342 -1375.265
 24   5    560.3    165.7   0.0910   4.2443   0.0214   3.1161   0.0214 -1382.087
 24   6    562.4    163.6   0.0884   5.0772   0.0174   3.6370   0.0174 -1371.568
 24   7    561.2    164.8   0.0863   3.0844   0.0280   2.3008   0.0280 -1373.340
 24   8    562.3    163.7   0.0882   2.8578   0.0309   2.1381   0.0309 -1372.901
 24   9    565.1    160.9   0.0233   1.6493   0.0141   1.1514   0.0141 -1223.989
 24  10    562.6    163.4   0.0235   2.8091   0.0084   1.9513   0.0084 -1252.571
 24  11    560.9    165.1   0.0235   1.5320   0.0153   1.0998   0.0153 -1219.215
 24  12    561.1    164.9   0.0254   1.3875   0.0183   1.0043   0.0183 -1223.961
 24  13    562.3    163.7   0.0217   1.5345   0.0141   1.0885   0.0141 -1221.957
 24  14    562.1    163.9   0.0217   1.5287   0.0142   1.0858   0.0142 -1221.310
 24  15    559.6    166.4   0.0254   1.4449   0.0176   1.0522   0.0176 -1236.621
 24  16    559.9    166.1   0.0216   1.6935   0.0128   1.2125   0.0128 -1229.384
 24  17    560.2    165.8   0.0235   1.9073   0.0123   1.3612   0.0123 -1235.520
 24  18    557.5    168.5   0.0255   1.5332   0.0166   1.1265   0.0166 -1244.756
 24  19    562.4    163.6   0.0216   2.4110   0.0089   1.6799   0.0089 -1236.705
 24  20    561.0    165.0   0.0253   2.1689   0.0117   1.5379   0.0117 -1244.025
 24  21    559.1    166.9   0.0217   1.7310   0.0125   1.2442   0.0125 -1233.002
 24  22    569.2    156.8   0.0106   0.7055   0.0150   0.4819   0.0150 -1137.018
 24  23    565.3    160.7   0.0018   0.0635   0.0277   0.0463   0.0277  -980.086
 25   1    553.2    172.8   0.0962   3.0341   0.0317   2.3859   0.0317 -1403.925
 25   2    552.6    173.4   0.0938   4.2099   0.0223   3.2303   0.0223 -1398.660
 25   3    557.9    168.1   0.0701   5.6407   0.0124   4.0801   0.0124 -1353.763
 25   4    559.8    166.2   0.0821   3.2376   0.0254   2.4142   0.0254 -1361.794
 25   5    559.6    166.4   0.0787   2.4994   0.0315   1.9001   0.0315 -1358.568
 25   6    560.7    165.3   0.0761   4.6205   0.0165   3.3329   0.0165 -1351.456
 25   7    559.8    166.2   0.0743   2.3366   0.0318   1.7769   0.0318 -1351.531
 25   8    560.8    165.2   0.0762   2.1879   0.0348   1.6701   0.0348 -1351.179
 25   9    560.5    165.5   0.0272   1.9410   0.0140   1.3904   0.0140 -1240.611
 25  10    555.4    170.6   0.0292  29.1664   0.0010  20.6229   0.0010 -1274.615
 25  11    561.6    164.4   0.0290   1.6371   0.0177   1.1795   0.0177 -1233.449
 25  12    560.1    165.9   0.0273   1.1646   0.0234   0.8617   0.0234 -1222.126
 25  13    561.2    164.8   0.0235   1.3318   0.0176   0.9615   0.0176 -1220.171
 25  14    561.2    164.8   0.0235   1.3113   0.0179   0.9474   0.0179 -1219.010
 25  15    561.1    164.9   0.0272   1.2540   0.0217   0.9173   0.0217 -1233.593
 25  16    561.9    164.1   0.0289   1.5752   0.0183   1.1352   0.0183 -1241.269
 25  17    564.1    161.9   0.0252   2.1695   0.0116   1.5103   0.0116 -1237.272
 25  18    556.2    169.8   0.0273   2.5625   0.0107   1.8604   0.0107 -1257.960
 25  19    558.2    167.8   0.0217   2.2624   0.0096   1.6191   0.0096 -1240.461
 25  20    559.0    167.0   0.0198   1.4264   0.0139   1.0300   0.0139 -1219.182
 25  21    556.1    169.9   0.0199   1.7669   0.0113   1.2863   0.0113 -1230.510
 25  22    563.3    162.7   0.0215   1.5629   0.0137   1.1004   0.0137 -1213.660
 25  23    560.9    165.1   0.0198   1.1738   0.0169   0.8465   0.0169 -1209.562
 25  24    561.2    164.8   0.0216   1.2599   0.0171   0.9081   0.0171 -1215.348
 26   1    554.6    171.4   0.0986   2.4411   0.0404   1.9549   0.0404 -1407.858
 26   2    553.9    172.1   0.0936   3.2816   0.0285   2.5486   0.0285 -1401.424
 26   3    560.7    165.3   0.0698   7.5418   0.0092   5.3136   0.0092 -1352.789
 26   4    560.2    165.8   0.0885   2.6613   0.0333   2.0279   0.0333 -1374.826
 26   5    558.5    167.5   0.0842   3.5061   0.0240   2.6212   0.0240 -1375.266
 26   6    560.5    165.5   0.0842   6.8961   0.0122   4.9117   0.0122 -1369.354
 26   7    559.4    166.6   0.0821  11.6329   0.0071   8.2002   0.0071 -1374.133
 26   8    560.4    165.6   0.0840  11.0518   0.0076   7.7577   0.0076 -1374.768
 26   9    562.7    163.3   0.0290   1.4229   0.0204   1.0276   0.0204 -1239.920
 26  10    560.3    165.7   0.0291   4.6410   0.0063   3.2442   0.0063 -1272.208
 26  11    559.4    166.6   0.0216   1.6061   0.0135   1.1559   0.0135 -1221.602
 26  12    559.4    166.6   0.0272   1.2677   0.0215   0.9358   0.0215 -1231.179
 26  13    560.7    165.3   0.0235   1.3558   0.0173   0.9806   0.0173 -1228.240
 26  14    560.5    165.5   0.0235   1.4325   0.0164   1.0339   0.0164 -1230.696
 26  15    558.8    167.2   0.0253   1.2588   0.0201   0.9280   0.0201 -1234.536
 26  16    558.9    167.1   0.0216   1.7413   0.0124   1.2522   0.0124 -1232.547
 26  17    559.6    166.4   0.0216   1.9939   0.0108   1.4210   0.0108 -1237.466
 26  18    555.9    170.1   0.0236   1.5549   0.0152   1.1471   0.0152 -1246.914
 26  19    560.2    165.8   0.0235   2.1328   0.0110   1.5160   0.0110 -1243.106
 26  20    559.2    166.8   0.0273   1.8564   0.0147   1.3428   0.0147 -1247.210
 26  21    557.2    168.8   0.0236   1.7495   0.0135   1.2747   0.0135 -1243.047
 26  22    566.6    159.4   0.0231   1.3138   0.0176   0.9194   0.0176 -1213.373
 26  23    563.3    162.7   0.0179   1.2428   0.0144   0.8770   0.0144 -1210.639
 26  24    562.6    163.4   0.0161   1.3190   0.0122   0.9279   0.0122 -1207.829
 26  25    560.1    165.9   0.0216   0.9567   0.0226   0.7058   0.0226 -1213.164
 27   1    554.0    172.0   0.1026   5.1474   0.0199   3.8936   0.0199 -1420.359
 27   2    553.2    172.8   0.0978   6.9286   0.0141   5.1712   0.0141 -1410.938
 27   3    560.6    165.4   0.0679   4.5490   0.0149   3.2671   0.0149 -1351.043
 27   4    559.4    166.6   0.0890   1.8092   0.0492   1.4515   0.0492 -1371.153
 27   5    557.1    168.9   0.0846   9.6246   0.0088   6.9129   0.0088 -1381.581
 27   6    559.4    166.6   0.0823   6.0817   0.0135   4.3779   0.0135 -1370.550
 27   7    558.2    167.8   0.0804   3.7709   0.0213   2.8004   0.0213 -1374.229
 27   8    559.2    166.8   0.0823   3.2109   0.0256   2.4031   0.0256 -1374.403
 27   9    562.3    163.7   0.0290   1.6436   0.0176   1.1789   0.0176 -1246.388
 27  10    560.8    165.2   0.0254   2.7595   0.0092   1.9423   0.0092 -1261.882
 27  11    557.6    168.4   0.0217   1.8285   0.0119   1.3225   0.0119 -1230.053
 27  12    558.1    167.9   0.0236   1.3798   0.0171   1.0118   0.0171 -1230.940
 27  13    559.4    166.6   0.0198   1.2992   0.0153   0.9402   0.0153 -1222.961
 27  14    559.2    166.8   0.0199   1.2964   0.0153   0.9393   0.0153 -1222.329
 27  15    557.0    169.0   0.0255   1.2774   0.0199   0.9508   0.0199 -1238.593
 27  16    556.8    169.2   0.0217   1.7348   0.0125   1.2628   0.0125 -1237.835
 27  17    557.1    168.9   0.0218   3.4791   0.0063   2.4790   0.0063 -1246.725
 27  18    554.7    171.3   0.0237   1.6174   0.0147   1.1991   0.0147 -1247.463
 27  19    559.7    166.3   0.0236   1.9563   0.0120   1.3987   0.0120 -1243.116
 27  20    558.1    167.9   0.0236   1.6086   0.0147   1.1704   0.0147 -1237.704
 27  21    556.4    169.6   0.0200   1.7070   0.0117   1.2420   0.0117 -1234.901
 27  22    566.6    159.4   0.0232   1.1795   0.0197   0.8311   0.0197 -1211.218
 27  23    563.0    163.0   0.0179   1.2921   0.0139   0.9118   0.0139 -1214.142
 27  24    562.0    164.0   0.0161   1.2431   0.0130   0.8799   0.0130 -1208.334
 27  25    558.4    167.6   0.0180   0.9912   0.0182   0.7282   0.0182 -1210.042
 27  26    560.3    165.7   0.0071   0.4208   0.0169   0.3047   0.0169 -1124.112
 28   1    549.4    176.6   0.1076   3.6449   0.0295   2.9042   0.0295 -1433.971
 28   2    548.6    177.4   0.1030   3.0309   0.0340   2.4547   0.0340 -1423.514
 28   3    555.9    170.1   0.0744   3.4653   0.0215   2.6063   0.0215 -1370.521
 28   4    554.7    171.3   0.0894   1.9592   0.0456   1.5915   0.0456 -1383.851
 28   5    552.5    173.5   0.0855   4.6006   0.0186   3.4936   0.0186 -1391.870
 28   6    554.7    171.3   0.0829   5.6198   0.0147   4.1676   0.0147 -1382.881
 28   7    553.6    172.4   0.0810   3.2679   0.0248   2.5134   0.0248 -1384.287
 28   8    554.6    171.4   0.0830   2.8735   0.0289   2.2252   0.0289 -1384.669
 28   9    557.6    168.4   0.0273   1.9197   0.0142   1.3990   0.0142 -1259.146
 28  10    556.4    169.6   0.0238   1.9391   0.0123   1.4138   0.0123 -1261.555
 28  11    553.0    173.0   0.0218   1.9217   0.0114   1.4240   0.0114 -1243.107
 28  12    553.4    172.6   0.0237   1.3519   0.0176   1.0185   0.0176 -1242.595
 28  13    554.8    171.2   0.0218   1.6237   0.0134   1.1985   0.0134 -1245.386
 28  14    554.6    171.4   0.0218   1.6158   0.0135   1.1941   0.0135 -1244.752
 28  15    552.7    173.3   0.0275   1.4569   0.0189   1.1058   0.0189 -1260.625
 28  16    552.5    173.5   0.0237   1.7073   0.0139   1.2785   0.0139 -1255.413
 28  17    552.8    173.2   0.0237   3.7670   0.0063   2.7497   0.0063 -1264.369
 28  18    550.2    175.8   0.0258   1.8116   0.0142   1.3747   0.0142 -1263.418
 28  19    555.0    171.0   0.0256   1.9724   0.0130   1.4525   0.0130 -1262.053
 28  20    553.5    172.5   0.0257   2.0834   0.0123   1.5435   0.0123 -1262.598
 28  21    551.8    174.2   0.0220   1.6712   0.0132   1.2532   0.0132 -1251.291
 28  22    561.8    164.2   0.0252   1.3471   0.0187   0.9725   0.0187 -1234.698
 28  23    558.5    167.5   0.0199   1.3280   0.0150   0.9654   0.0150 -1233.672
 28  24    557.4    168.6   0.0181   1.3348   0.0135   0.9715   0.0135 -1229.493
 28  25    553.9    172.1   0.0163   1.1459   0.0143   0.8521   0.0143 -1225.391
 28  26    555.9    170.1   0.0126   0.5007   0.0252   0.3810   0.0252 -1164.105
 28  27    555.4    170.6   0.0054   0.3061   0.0176   0.2282   0.0176 -1112.266
 29   1    558.9    167.1   0.1030  11.0533   0.0093   7.8692   0.0093 -1415.119
 29   2    558.1    167.9   0.0988   5.4237   0.0182   3.9918   0.0182 -1405.315
 29   3    566.1    159.9   0.0751   4.7037   0.0160   3.2826   0.0160 -1355.095
 29   4    564.0    162.0   0.0918   3.5186   0.0261   2.5689   0.0261 -1376.496
 29   5    561.2    164.8   0.0885   3.2887   0.0269   2.4443   0.0269 -1376.914
 29   6    563.8    162.2   0.0858   4.1388   0.0207   2.9735   0.0207 -1367.178
 29   7    562.4    163.6   0.0837   5.9581   0.0141   4.2217   0.0141 -1372.873
 29   8    563.5    162.5   0.0856   5.0408   0.0170   3.5834   0.0170 -1373.159
 29   9    567.7    158.3   0.0214   1.4423   0.0149   0.9939   0.0149 -1212.119
 29  10    566.5    159.5   0.0253   2.1237   0.0119   1.4585   0.0119 -1250.351
 29  11    561.3    164.7   0.0290   1.6783   0.0173   1.2098   0.0173 -1235.220
 29  12    562.3    163.7   0.0308   1.5283   0.0202   1.1056   0.0202 -1238.045
 29  13    563.5    162.5   0.0271   1.4976   0.0181   1.0688   0.0181 -1233.437
 29  14    563.2    162.8   0.0271   1.4906   0.0182   1.0658   0.0182 -1232.925
 29  15    559.8    166.2   0.0253   1.2304   0.0206   0.9036   0.0206 -1227.875
 29  16    559.7    166.3   0.0216   1.7856   0.0121   1.2767   0.0121 -1231.354
 29  17    559.2    166.8   0.0254   1.8686   0.0136   1.3465   0.0136 -1245.301
 29  18    558.8    167.2   0.0273   1.4204   0.0192   1.0446   0.0192 -1247.090
 29  19    564.9    161.1   0.0233   2.3431   0.0099   1.6138   0.0099 -1238.804
 29  20    562.6    163.4   0.0235   1.6379   0.0143   1.1608   0.0143 -1230.592
 29  21    561.1    164.9   0.0235   1.7754   0.0132   1.2639   0.0132 -1237.919
 29  22    572.4    153.6   0.0229   0.9548   0.0240   0.6604   0.0240 -1193.279
 29  23    568.0    158.0   0.0177   1.1902   0.0149   0.8186   0.0149 -1199.935
 29  24    566.6    159.4   0.0160   1.1920   0.0134   0.8223   0.0134 -1195.623
 29  25    561.6    164.4   0.0143   1.1194   0.0128   0.7934   0.0128 -1194.041
 29  26    564.6    161.4   0.0142   0.5224   0.0272   0.3816   0.0272 -1150.371
 29  27    564.4    161.6   0.0142   0.5033   0.0283   0.3693   0.0283 -1148.372
 29  28    559.9    166.1   0.0125   0.7065   0.0177   0.5140   0.0177 -1177.125
 30   1    558.9    167.1   0.1030  11.0532   0.0093   7.8692   0.0093 -1415.119
 30   2    558.1    167.9   0.0988   5.4237   0.0182   3.9918   0.0182 -1405.315
 30   3    566.1    159.9   0.0751   4.7037   0.0160   3.2826   0.0160 -1355.095
 30   4    564.0    162.0   0.0918   3.5186   0.0261   2.5689   0.0261 -1376.496
 30   5    561.2    164.8   0.0885   3.2887   0.0269   2.4443   0.0269 -1376.914
 30   6    563.8    162.2   0.0858   4.1388   0.0207   2.9735   0.0207 -1367.178
 30   7    562.4    163.6   0.0837   5.9581   0.0141   4.2217   0.0141 -1372.873
 30   8    563.5    162.5   0.0856   5.0408   0.0170   3.5834   0.0170 -1373.159
 30   9    567.7    158.3   0.0214   1.4423   0.0149   0.9939   0.0149 -1212.119
 30  10    566.5    159.5   0.0253   2.1237   0.0119   1.4585   0.0119 -1250.351
 30  11    561.3    164.7   0.0290   1.6783   0.0173   1.2098   0.0173 -1235.220
 30  12    562.3    163.7   0.0308   1.5283   0.0202   1.1056   0.0202 -1238.045
 30  13    563.5    162.5   0.0271   1.4976   0.0181   1.0688   0.0181 -1233.437
 30  14    563.2    162.8   0.0271   1.4906   0.0182   1.0658   0.0182 -1232.925
 30  15    559.8    166.2   0.0253   1.2304   0.0206   0.9036   0.0206 -1227.875
 30  16    559.7    166.3   0.0216   1.7856   0.0121   1.2767   0.0121 -1231.354
 30  17    559.2    166.8   0.0254   1.8686   0.0136   1.3465   0.0136 -1245.301
 30  18    558.8    167.2   0.0273   1.4204   0.0192   1.0446   0.0192 -1247.090
 30  19    564.9    161.1   0.0233   2.3431   0.0099   1.6138   0.0099 -1238.804
 30  20    562.6    163.4   0.0235   1.6379   0.0143   1.1608   0.0143 -1230.592
 30  21    561.1    164.9   0.0235   1.7754   0.0132   1.2639   0.0132 -1237.919
 30  22    572.4    153.6   0.0229   0.9548   0.0240   0.6604   0.0240 -1193.279
 30  23    568.0    158.0   0.0177   1.1902   0.0149   0.8186   0.0149 -1199.935
 30  24    566.6    159.4   0.0160   1.1920   0.0134   0.8223   0.0134 -1195.623
 30  25    561.6    164.4   0.0143   1.1194   0.0128   0.7934   0.0128 -1194.041
 30  26    564.6    161.4   0.0142   0.5224   0.0272   0.3816   0.0272 -1150.371
 30  27    564.4    161.6   0.0142   0.5033   0.0283   0.3693   0.0283 -1148.372
 30  28    559.9    166.1   0.0125   0.7065   0.0177   0.5140   0.0177 -1177.125
 30  29    569.6    156.4   0.0000   0.0000   0.7887   0.0000   0.7887  -928.426
 31   1    559.3    166.7   0.1034   3.7036   0.0279   2.7903   0.0279 -1413.092
 31   2    558.4    167.6   0.0991   4.2255   0.0235   3.1551   0.0235 -1405.222
 31   3    566.2    159.8   0.0713   5.6005   0.0127   3.8649   0.0127 -1349.262
 31   4    564.5    161.5   0.0881   3.2652   0.0270   2.3842   0.0270 -1368.027
 31   5    562.1    163.9   0.0840  14.2644   0.0059   9.8584   0.0059 -1371.456
 31   6    564.5    161.5   0.0819   5.6456   0.0145   3.9596   0.0145 -1360.316
 31   7    563.1    162.9   0.0798   7.7249   0.0103   5.3856   0.0103 -1365.141
 31   8    564.2    161.8   0.0820   6.6708   0.0123   4.6506   0.0123 -1365.481
 31   9    567.9    158.1   0.0250   1.4943   0.0168   1.0351   0.0168 -1224.093
 31  10    566.2    159.8   0.0252   2.6208   0.0096   1.7898   0.0096 -1253.842
 31  11    562.3    163.7   0.0252   1.5432   0.0163   1.1025   0.0163 -1223.856
 31  12    563.0    163.0   0.0271   1.2085   0.0224   0.8770   0.0224 -1223.763
 31  13    564.2    161.8   0.0234   1.2803   0.0183   0.9105   0.0183 -1221.413
 31  14    563.9    162.1   0.0234   1.3558   0.0172   0.9624   0.0172 -1224.154
 31  15    560.8    165.2   0.0253   1.2722   0.0199   0.9270   0.0199 -1230.082
 31  16    560.9    165.1   0.0215   2.4084   0.0089   1.6927   0.0089 -1233.837
 31  17    560.7    165.3   0.0216   3.0312   0.0071   2.1207   0.0071 -1238.039
 31  18    559.4    166.6   0.0235   1.5793   0.0149   1.1414   0.0149 -1239.725
 31  19    565.2    160.8   0.0233   2.1392   0.0109   1.4758   0.0109 -1236.169
 31  20    563.1    162.9   0.0271   2.1467   0.0126   1.5078   0.0126 -1244.654
 31  21    561.5    164.5   0.0234   2.1478   0.0109   1.5140   0.0109 -1238.869
 31  22    572.4    153.6   0.0230   1.2073   0.0190   0.8207   0.0190 -1199.013
 31  23    568.1    157.9   0.0178   1.1647   0.0153   0.8015   0.0153 -1201.347
 31  24    567.0    159.0   0.0160   1.1776   0.0136   0.8114   0.0136 -1197.716
 31  25    562.6    163.4   0.0179   0.9797   0.0183   0.7032   0.0183 -1196.652
 31  26    564.9    161.1   0.0106   0.3460   0.0307   0.2552   0.0307 -1109.891
 31  27    564.6    161.4   0.0107   0.4314   0.0247   0.3126   0.0247 -1130.915
 31  28    560.0    166.0   0.0089   0.5102   0.0175   0.3707   0.0175 -1148.295
 31  29    569.6    156.4   0.0106   0.4481   0.0235   0.3145   0.0235 -1123.699
 31  30    569.6    156.4   0.0106   0.4481   0.0235   0.3145   0.0235 -1123.699
 32   1    556.6    169.4   0.1018   6.4531   0.0158   4.7524   0.0158 -1412.432
 32   2    555.7    170.3   0.0974   4.7485   0.0205   3.5654   0.0205 -1402.123
 32   3    563.0    163.0   0.0737   4.2294   0.0174   3.0197   0.0174 -1352.226
 32   4    562.1    163.9   0.0902   3.7855   0.0238   2.7741   0.0238 -1373.708
 32   5    560.0    166.0   0.0865   4.1862   0.0207   3.0712   0.0207 -1373.885
 32   6    562.2    163.8   0.0841   5.7481   0.0146   4.0864   0.0146 -1364.068
 32   7    560.9    165.1   0.0822   6.0519   0.0136   4.3181   0.0136 -1368.971
 32   8    562.0    164.0   0.0841   4.6111   0.0182   3.3193   0.0182 -1369.197
 32   9    565.0    161.0   0.0197   1.5310   0.0128   1.0648   0.0128 -1213.694
 32  10    562.6    163.4   0.0235   2.5197   0.0093   1.7558   0.0093 -1251.436
 32  11    560.6    165.4   0.0235   1.3624   0.0172   0.9853   0.0172 -1215.481
 32  12    560.9    165.1   0.0254   1.0969   0.0231   0.8069   0.0231 -1212.768
 32  13    562.1    163.9   0.0216   1.1946   0.0181   0.8592   0.0181 -1215.001
 32  14    561.9    164.1   0.0216   1.2616   0.0171   0.9055   0.0171 -1217.812
 32  15    559.4    166.6   0.0198   1.1431   0.0173   0.8327   0.0173 -1211.750
 32  16    559.6    166.4   0.0198   1.6107   0.0123   1.1529   0.0123 -1224.136
 32  17    559.9    166.1   0.0198   2.2740   0.0087   1.6065   0.0087 -1232.004
 32  18    557.3    168.7   0.0217   1.5114   0.0144   1.1036   0.0144 -1237.195
 32  19    562.3    163.7   0.0216   2.0243   0.0107   1.4191   0.0107 -1233.172
 32  20    560.8    165.2   0.0217   1.9489   0.0111   1.3806   0.0111 -1231.786
 32  21    559.0    167.0   0.0217   1.6606   0.0131   1.1962   0.0131 -1231.135
 32  22    569.2    156.8   0.0213   1.0522   0.0202   0.7319   0.0202 -1195.284
 32  23    565.3    160.7   0.0160   1.2374   0.0130   0.8592   0.0130 -1198.280
 32  24    564.4    161.6   0.0142   1.1922   0.0119   0.8294   0.0119 -1191.892
 32  25    561.0    165.0   0.0125   0.9689   0.0129   0.6895   0.0129 -1183.548
 32  26    562.5    163.5   0.0089   0.4029   0.0220   0.2929   0.0220 -1116.218
 32  27    561.9    164.1   0.0089   0.4769   0.0187   0.3441   0.0187 -1134.454
 32  28    557.3    168.7   0.0072   0.6555   0.0109   0.4734   0.0109 -1160.558
 32  29    566.6    159.4   0.0053   0.1987   0.0265   0.1432   0.0265 -1050.408
 32  30    566.6    159.4   0.0053   0.1987   0.0265   0.1432   0.0265 -1050.408
 32  31    566.8    159.2   0.0053   0.3686   0.0143   0.2548   0.0143 -1094.805
 33   1    559.0    167.0   0.1035   5.9636   0.0174   4.3533   0.0174 -1411.414
 33   2    558.1    167.9   0.0988   9.8247   0.0101   7.0447   0.0101 -1402.068
 33   3    566.2    159.8   0.0712   4.2850   0.0166   2.9967   0.0166 -1343.522
 33   4    564.3    161.7   0.0919   2.8857   0.0318   2.1430   0.0318 -1369.288
 33   5    561.6    164.4   0.0880   5.9108   0.0149   4.2187   0.0149 -1373.787
 33   6    564.1    161.9   0.0857   6.8531   0.0125   4.7835   0.0125 -1362.408
 33   7    562.7    163.3   0.0838   5.9584   0.0141   4.2144   0.0141 -1367.634
 33   8    563.9    162.1   0.0857   5.1024   0.0168   3.6174   0.0168 -1367.712
 33   9    567.8    158.2   0.0287   1.8636   0.0154   1.2855   0.0154 -1232.463
 33  10    566.1    159.9   0.0289   2.8159   0.0103   1.9280   0.0103 -1259.028
 33  11    561.7    164.3   0.0216   1.5807   0.0136   1.1236   0.0136 -1213.261
 33  12    562.5    163.5   0.0234   1.1748   0.0199   0.8479   0.0199 -1208.989
 33  13    563.7    162.3   0.0198   1.2949   0.0153   0.9144   0.0153 -1208.506
 33  14    563.4    162.6   0.0198   1.2918   0.0153   0.9137   0.0153 -1207.975
 33  15    559.8    166.2   0.0253   1.1890   0.0213   0.8750   0.0213 -1226.352
 33  16    560.0    166.0   0.0179   1.9010   0.0094   1.3450   0.0094 -1217.906
 33  17    559.6    166.4   0.0180   2.6864   0.0067   1.8889   0.0067 -1225.099
 33  18    558.9    167.1   0.0198   1.7663   0.0112   1.2654   0.0112 -1229.770
 33  19    565.1    160.9   0.0196   1.7142   0.0114   1.1857   0.0114 -1219.052
 33  20    562.7    163.3   0.0234   1.8143   0.0129   1.2786   0.0129 -1228.724
 33  21    561.2    164.8   0.0198   2.2153   0.0089   1.5546   0.0089 -1226.979
 33  22    572.5    153.5   0.0193   0.8025   0.0241   0.5549   0.0241 -1165.118
 33  23    567.9    158.1   0.0178   0.9585   0.0185   0.6677   0.0185 -1188.562
 33  24    566.6    159.4   0.0160   0.9854   0.0162   0.6863   0.0162 -1185.354
 33  25    561.8    164.2   0.0179   0.9501   0.0188   0.6860   0.0188 -1195.730
 33  26    564.4    161.6   0.0106   0.4441   0.0239   0.3213   0.0239 -1126.610
 33  27    564.2    161.8   0.0107   0.4901   0.0217   0.3525   0.0217 -1137.319
 33  28    559.6    166.4   0.0125   0.6505   0.0193   0.4764   0.0193 -1177.882
 33  29    569.5    156.5   0.0141   0.5814   0.0242   0.4092   0.0242 -1149.030
 33  30    569.5    156.5   0.0141   0.5814   0.0242   0.4092   0.0242 -1149.030
 33  31    569.5    156.5   0.0106   0.4896   0.0216   0.3414   0.0216 -1120.727
 33  32    566.6    159.4   0.0088   0.4831   0.0182   0.3389   0.0182 -1121.132
 34   1    552.0    174.0   0.1073   4.1978   0.0256   3.2628   0.0256 -1425.942
 34   2    551.3    174.7   0.1024   3.7363   0.0274   2.9305   0.0274 -1415.884
 34   3    557.9    168.1   0.0742   4.4422   0.0167   3.2574   0.0167 -1362.168
 34   4    557.8    168.2   0.0949   3.0975   0.0306   2.3713   0.0306 -1386.186
 34   5    556.3    169.7   0.0908   7.9078   0.0115   5.7532   0.0115 -1388.957
 34   6    558.2    167.8   0.0886   6.6351   0.0134   4.8060   0.0134 -1378.784
 34   7    557.1    168.9   0.0867   3.7682   0.0230   2.8294   0.0230 -1382.494
 34   8    558.1    167.9   0.0887   3.2082   0.0277   2.4300   0.0277 -1382.542
 34   9    560.0    166.0   0.0235   1.5609   0.0150   1.1253   0.0150 -1234.175
 34  10    557.4    168.6   0.0274   3.4683   0.0079   2.4800   0.0079 -1271.061
 34  11    557.4    168.6   0.0236   1.3857   0.0170   1.0200   0.0170 -1226.107
 34  12    557.1    168.9   0.0255   1.2491   0.0204   0.9303   0.0204 -1229.323
 34  13    558.5    167.5   0.0218   1.3493   0.0162   0.9844   0.0162 -1226.555
 34  14    558.3    167.7   0.0218   1.4289   0.0153   1.0402   0.0153 -1229.027
 34  15    557.1    168.9   0.0236   1.0867   0.0217   0.8127   0.0217 -1221.925
 34  16    557.2    168.8   0.0198   1.6456   0.0120   1.1938   0.0120 -1230.313
 34  17    558.2    167.8   0.0198   2.0864   0.0095   1.4927   0.0095 -1234.491
 34  18    553.7    172.3   0.0219   1.6757   0.0131   1.2433   0.0131 -1245.401
 34  19    557.4    168.6   0.0181   1.8500   0.0098   1.3303   0.0098 -1230.713
 34  20    556.8    169.2   0.0256   1.6991   0.0151   1.2468   0.0151 -1245.659
 34  21    554.7    171.3   0.0219   1.4905   0.0147   1.1055   0.0147 -1235.979
 34  22    563.7    162.3   0.0215   1.4523   0.0148   1.0240   0.0148 -1218.514
 34  23    560.7    165.3   0.0162   1.6571   0.0098   1.1692   0.0098 -1219.017
 34  24    560.1    165.9   0.0143   1.5914   0.0090   1.1239   0.0090 -1213.208
 34  25    558.2    167.8   0.0181   0.9910   0.0182   0.7288   0.0182 -1206.029
 34  26    558.8    167.2   0.0089   0.5528   0.0161   0.4027   0.0161 -1148.565
 34  27    557.8    168.2   0.0090   0.5417   0.0165   0.3971   0.0165 -1149.971
 34  28    553.5    172.5   0.0108   0.6333   0.0171   0.4763   0.0171 -1177.636
 34  29    561.9    164.1   0.0125   0.5935   0.0210   0.4315   0.0210 -1159.484
 34  30    561.9    164.1   0.0125   0.5935   0.0210   0.4315   0.0210 -1159.484
 34  31    562.3    163.7   0.0089   0.5885   0.0151   0.4187   0.0151 -1142.583
 34  32    560.0    166.0   0.0071   0.4598   0.0155   0.3318   0.0155 -1125.578
 34  33    561.7    164.3   0.0053   0.6626   0.0080   0.4621   0.0080 -1138.659
 35   1    556.3    169.7   0.1064   2.9542   0.0360   2.3165   0.0360 -1421.991
 35   2    555.5    170.5   0.1039   4.7222   0.0220   3.5648   0.0220 -1418.883
 35   3    561.0    165.0   0.0925   5.3801   0.0172   3.8832   0.0172 -1391.044
 35   4    562.5    163.5   0.0982   5.2233   0.0188   3.7563   0.0188 -1391.777
 35   5    562.3    163.7   0.0949   2.8484   0.0333   2.1467   0.0333 -1389.319
 35   6    563.4    162.6   0.0905   2.4932   0.0363   1.8857   0.0363 -1374.557
 35   7    562.5    163.5   0.0918  73.6790   0.0012  50.0000   0.0012 -1387.750
 35   8    563.6    162.4   0.0938  74.1591   0.0013  50.0000   0.0013 -1387.956
 35   9    563.6    162.4   0.0673  67.2383   0.0010  45.2911   0.0010 -1331.912
 35  10    558.5    167.5   0.0638  63.8135   0.0010  44.3251   0.0010 -1350.009
 35  11    564.2    161.8   0.0621   2.6891   0.0231   1.9430   0.0231 -1310.539
 35  12    562.8    163.2   0.0557  55.6744   0.0010  37.6820   0.0010 -1307.427
 35  13    563.8    162.2   0.0524   2.5169   0.0208   1.8091   0.0208 -1300.537
 35  14    563.8    162.2   0.0524   2.5930   0.0202   1.8601   0.0202 -1301.305
 35  15    563.3    162.7   0.0643   3.3972   0.0189   2.4335   0.0189 -1329.291
 35  16    564.3    161.7   0.0562   3.1340   0.0179   2.2257   0.0179 -1312.783
 35  17    566.2    159.8   0.0560   4.0886   0.0137   2.8307   0.0137 -1311.591
 35  18    558.9    167.1   0.0588   2.9701   0.0198   2.1861   0.0198 -1329.354
 35  19    561.3    164.7   0.0607   3.3705   0.0180   2.4352   0.0180 -1329.486
 35  20    561.8    164.2   0.0603   3.4608   0.0174   2.4888   0.0174 -1326.452
 35  21    559.0    167.0   0.0587   3.2445   0.0181   2.3750   0.0181 -1324.225
 35  22    566.5    159.5   0.0634  63.4334   0.0010  41.9509   0.0010 -1317.063
 35  23    563.7    162.3   0.0580  57.9609   0.0010  38.9979   0.0010 -1318.328
 35  24    563.9    162.1   0.0560  55.9717   0.0010  37.6179   0.0010 -1312.723
 35  25    564.4    161.6   0.0661   2.2089   0.0299   1.6296   0.0299 -1325.201
 35  26    562.5    163.5   0.0537  53.7047   0.0010  36.3987   0.0010 -1313.474
 35  27    560.9    165.1   0.0519  51.9342   0.0010  35.5510   0.0010 -1315.425
 35  28    556.5    169.5   0.0580  57.9740   0.0010  40.7444   0.0010 -1340.176
 35  29    564.4    161.6   0.0632  63.2367   0.0010  42.3790   0.0010 -1329.530
 35  30    564.4    161.6   0.0630  62.9963   0.0010  42.2181   0.0010 -1329.531
 35  31    565.3    160.7   0.0593  59.2931   0.0010  39.5175   0.0010 -1319.639
 35  32    563.6    162.4   0.0576  57.5771   0.0010  38.7634   0.0010 -1316.465
 35  33    564.7    161.3   0.0556  55.6203   0.0010  37.2014   0.0010 -1308.120
 35  34    560.7    165.3   0.0577  57.6656   0.0010  39.5331   0.0010 -1324.202
 36   1    556.7    169.3   0.0914   4.0538   0.0225   3.0462   0.0225 -1395.079
 36   2    556.0    170.0   0.0886  35.5498   0.0025  25.1764   0.0025 -1390.003
 36   3    560.6    165.4   0.0797  72.8965   0.0011  50.0000   0.0011 -1364.925
 36   4    563.4    162.6   0.0873  74.1100   0.0012  50.0000   0.0012 -1366.790
 36   5    564.0    162.0   0.0845   2.8979   0.0292   2.1373   0.0292 -1362.118
 36   6    564.6    161.4   0.0798   4.0877   0.0195   2.9128   0.0195 -1350.881
 36   7    563.8    162.2   0.0798   5.8809   0.0136   4.1278   0.0136 -1359.328
 36   8    564.9    161.1   0.0819   5.9496   0.0138   4.1526   0.0138 -1359.261
 36   9    563.5    162.5   0.0556  28.4243   0.0020  19.2128   0.0020 -1300.989
 36  10    557.1    168.9   0.0524   6.8699   0.0076   4.9152   0.0076 -1323.273
 36  11    566.2    159.8   0.0541   2.7102   0.0200   1.9162   0.0200 -1282.840
 36  12    564.1    161.9   0.0504   3.0135   0.0167   2.1335   0.0167 -1282.926
 36  13    565.1    160.9   0.0467   2.3466   0.0199   1.6691   0.0199 -1275.396
 36  14    565.2    160.8   0.0467   2.3906   0.0195   1.6976   0.0195 -1276.078
 36  15    565.5    160.5   0.0582   2.7568   0.0211   1.9647   0.0211 -1305.661
 36  16    566.7    159.3   0.0504   2.4727   0.0204   1.7453   0.0204 -1286.779
 36  17    569.4    156.6   0.0502   3.2074   0.0157   2.1942   0.0157 -1287.910
 36  18    560.2    165.8   0.0530   3.3642   0.0157   2.4280   0.0157 -1308.839
 36  19    561.3    164.7   0.0511   3.2473   0.0157   2.3282   0.0157 -1301.964
 36  20    562.7    163.3   0.0504   3.7318   0.0135   2.6351   0.0135 -1298.270
 36  21    559.5    166.5   0.0467   3.3887   0.0138   2.4400   0.0138 -1293.897
 36  22    565.9    160.1   0.0518  51.8065   0.0010  34.3868   0.0010 -1285.840
 36  23    563.6    162.4   0.0463  46.3229   0.0010  31.1852   0.0010 -1286.866
 36  24    564.3    161.7   0.0443  44.3483   0.0010  29.7328   0.0010 -1280.126
 36  25    566.4    159.6   0.0519   2.9381   0.0177   2.0598   0.0177 -1289.699
 36  26    563.2    162.8   0.0441  23.7298   0.0019  16.0664   0.0019 -1285.620
 36  27    561.1    164.9   0.0424  27.4323   0.0015  18.7933   0.0015 -1288.417
 36  28    556.7    169.3   0.0484   8.1329   0.0060   5.8024   0.0060 -1314.742
 36  29    564.1    161.9   0.0498  49.7716   0.0010  33.4192   0.0010 -1296.088
 36  30    564.1    161.9   0.0498  49.7716   0.0010  33.4192   0.0010 -1296.088
 36  31    565.3    160.7   0.0497  49.7414   0.0010  33.1504   0.0010 -1292.721
 36  32    564.0    162.0   0.0480  48.0058   0.0010  32.2412   0.0010 -1288.860
 36  33    564.5    161.5   0.0463   4.3592   0.0106   3.0174   0.0106 -1280.882
 36  34    561.5    164.5   0.0485   3.9116   0.0124   2.7719   0.0124 -1296.575
 36  35    568.7    157.3   0.0142   0.3364   0.0421   0.2520   0.0421 -1108.727
 37   1    548.1    177.9   0.0903   3.2505   0.0278   2.5944   0.0278 -1402.691
 37   2    547.0    179.0   0.0838   3.1115   0.0269   2.4910   0.0269 -1391.060
 37   3    555.1    170.9   0.0765   4.3373   0.0176   3.2383   0.0176 -1372.587
 37   4    553.2    172.8   0.0828   2.9528   0.0280   2.2978   0.0280 -1376.993
 37   5    550.8    175.2   0.0771   4.1990   0.0184   3.2147   0.0184 -1375.197
 37   6    553.1    172.9   0.0749   3.1478   0.0238   2.4204   0.0238 -1365.084
 37   7    551.8    174.2   0.0749   5.2968   0.0141   3.9840   0.0141 -1373.743
 37   8    553.0    173.0   0.0768   4.5304   0.0169   3.4140   0.0169 -1374.563
 37   9    556.4    169.6   0.0566   2.5701   0.0220   1.9311   0.0220 -1325.342
 37  10    554.6    171.4   0.0543   4.3321   0.0125   3.1928   0.0125 -1336.093
 37  11    550.5    175.5   0.0470   2.8814   0.0163   2.1968   0.0163 -1308.151
 37  12    551.1    174.9   0.0411   2.8647   0.0143   2.1636   0.0143 -1298.205
 37  13    552.4    173.6   0.0412   2.8890   0.0143   2.1666   0.0143 -1300.333
 37  14    552.1    173.9   0.0412   2.7229   0.0151   2.0505   0.0151 -1299.646
 37  15    548.5    177.5   0.0551  55.0667   0.0010  40.5175   0.0010 -1336.441
 37  16    549.0    177.0   0.0451  45.0707   0.0010  33.0637   0.0010 -1317.144
 37  17    548.8    177.2   0.0399   2.9140   0.0137   2.2244   0.0137 -1302.848
 37  18    547.6    178.4   0.0458   3.4481   0.0133   2.6456   0.0133 -1320.685
 37  19    553.7    172.3   0.0450   3.2617   0.0138   2.4249   0.0138 -1311.377
 37  20    551.4    174.6   0.0509  20.3371   0.0025  14.7880   0.0025 -1326.900
 37  21    549.7    176.3   0.0434   2.7317   0.0159   2.0892   0.0159 -1308.699
 37  22    561.1    164.9   0.0502   3.2748   0.0153   2.3484   0.0153 -1306.334
 37  23    556.4    169.6   0.0530   2.3160   0.0229   1.7448   0.0229 -1318.373
 37  24    555.2    170.8   0.0511   2.2445   0.0228   1.7016   0.0228 -1315.043
 37  25    550.6    175.4   0.0469   3.1157   0.0151   2.3654   0.0151 -1317.023
 37  26    553.0    173.0   0.0506  50.5682   0.0010  36.2664   0.0010 -1326.029
 37  27    552.7    173.3   0.0467  11.7995   0.0040   8.5587   0.0040 -1320.725
 37  28    548.0    178.0   0.0490   6.1250   0.0080   4.6167   0.0080 -1335.222
 37  29    558.0    168.0   0.0543   4.7691   0.0114   3.4366   0.0114 -1328.433
 37  30    558.0    168.0   0.0543   4.7691   0.0114   3.4366   0.0114 -1328.433
 37  31    558.2    167.8   0.0502  50.1620   0.0010  34.9061   0.0010 -1319.668
 37  32    555.1    170.9   0.0486  48.5619   0.0010  34.3970   0.0010 -1317.851
 37  33    557.9    168.1   0.0463   6.5582   0.0071   4.6615   0.0071 -1307.913
 37  34    550.2    175.8   0.0451  45.0953   0.0010  32.8687   0.0010 -1317.327
 37  35    553.8    172.2   0.0573   1.6901   0.0339   1.3338   0.0339 -1333.418
 37  36    553.6    172.4   0.0451   1.9512   0.0231   1.4932   0.0231 -1307.235
 38   1    556.6    169.4   0.0939  71.1273   0.0013  50.0000   0.0013 -1402.802
 38   2    555.6    170.4   0.0875  70.7176   0.0012  50.0000   0.0012 -1391.898
 38   3    561.9    164.1   0.0762  73.4539   0.0010  50.0000   0.0010 -1361.981
 38   4    562.6    163.4   0.0842  73.7683   0.0011  50.0000   0.0011 -1368.945
 38   5    562.3    163.7   0.0831  73.6109   0.0011  50.0000   0.0011 -1369.876
 38   6    563.4    162.6   0.0785  74.1411   0.0011  50.0000   0.0011 -1357.476
 38   7    562.3    163.7   0.0786  73.6307   0.0011  50.0000   0.0011 -1364.418
 38   8    563.5    162.5   0.0806  74.1946   0.0011  50.0000   0.0011 -1364.700
 38   9    564.1    161.9   0.0518   2.8825   0.0180   2.0488   0.0180 -1296.393
 38  10    558.5    167.5   0.0461  46.1012   0.0010  32.0075   0.0010 -1312.158
 38  11    563.4    162.6   0.0501   2.2649   0.0221   1.6388   0.0221 -1285.348
 38  12    562.3    163.7   0.0483   2.8982   0.0167   2.0733   0.0167 -1288.477
 38  13    563.1    162.9   0.0445   3.4429   0.0129   2.4215   0.0129 -1286.542
 38  14    563.0    163.0   0.0445   4.0500   0.0110   2.8313   0.0110 -1287.491
 38  15    560.9    165.1   0.0522   3.1495   0.0166   2.2702   0.0166 -1308.735
 38  16    562.5    163.5   0.0464   2.3930   0.0194   1.7242   0.0194 -1290.866
 38  17    563.9    162.1   0.0464   3.4886   0.0133   2.4453   0.0133 -1294.271
 38  18    558.1    167.9   0.0490   2.6043   0.0188   1.9199   0.0188 -1306.637
 38  19    561.8    164.2   0.0488   3.5094   0.0139   2.4951   0.0139 -1303.259
 38  20    561.4    164.6   0.0466   3.3255   0.0140   2.3706   0.0140 -1297.993
 38  21    558.6    167.4   0.0466   2.3850   0.0196   1.7572   0.0196 -1297.432
 38  22    567.5    158.5   0.0479   2.6853   0.0179   1.8708   0.0179 -1283.062
 38  23    563.5    162.5   0.0425   4.1208   0.0103   2.8665   0.0103 -1286.732
 38  24    563.4    162.6   0.0406   4.3105   0.0094   2.9904   0.0094 -1281.258
 38  25    562.7    163.3   0.0500   2.6574   0.0188   1.9092   0.0188 -1295.145
 38  26    561.4    164.6   0.0406   3.5203   0.0115   2.4884   0.0115 -1284.961
 38  27    559.9    166.1   0.0387   3.0822   0.0126   2.2047   0.0126 -1285.403
 38  28    555.2    170.8   0.0447   3.2634   0.0137   2.4057   0.0137 -1311.194
 38  29    564.2    161.8   0.0499   2.5715   0.0194   1.8353   0.0194 -1299.157
 38  30    564.2    161.8   0.0499   2.5715   0.0194   1.8353   0.0194 -1299.157
 38  31    565.1    160.9   0.0441   2.9208   0.0151   2.0446   0.0151 -1285.254
 38  32    563.2    162.8   0.0443   2.4513   0.0181   1.7525   0.0181 -1285.576
 38  33    564.8    161.2   0.0423   4.3095   0.0098   2.9687   0.0098 -1280.433
 38  34    559.2    166.8   0.0446   3.1980   0.0139   2.3077   0.0139 -1295.549
 38  35    565.6    160.4   0.0421   2.3848   0.0176   1.6790   0.0176 -1282.106
 38  36    567.3    158.7   0.0325   2.1099   0.0154   1.4600   0.0154 -1249.020
 38  37    554.1    171.9   0.0466   2.8478   0.0164   2.1292   0.0164 -1315.530
 39   1    556.7    169.3   0.0915   4.1632   0.0220   3.1233   0.0220 -1396.713
 39   2    555.9    170.1   0.0852   4.3617   0.0195   3.2625   0.0195 -1385.106
 39   3    562.0    164.0   0.0696  69.6258   0.0010  47.3573   0.0010 -1348.373
 39   4    562.9    163.1   0.0802   3.6415   0.0220   2.6408   0.0220 -1357.088
 39   5    562.5    163.5   0.0781   7.9139   0.0099   5.5276   0.0099 -1359.025
 39   6    563.7    162.3   0.0741   4.4399   0.0167   3.1499   0.0167 -1344.867
 39   7    562.6    163.4   0.0740   5.0795   0.0146   3.6027   0.0146 -1353.295
 39   8    563.8    162.2   0.0760   4.3916   0.0173   3.1209   0.0173 -1353.197
 39   9    564.3    161.7   0.0501   3.3731   0.0149   2.3703   0.0149 -1290.306
 39  10    559.0    167.0   0.0463   5.7178   0.0081   4.0534   0.0081 -1309.317
 39  11    563.9    162.1   0.0517   4.1966   0.0123   2.9314   0.0123 -1286.464
 39  12    562.7    163.3   0.0480   3.4915   0.0137   2.4669   0.0137 -1284.057
 39  13    563.6    162.4   0.0441  44.0643   0.0010  29.6716   0.0010 -1279.997
 39  14    563.6    162.4   0.0441   5.6292   0.0078   3.8814   0.0078 -1280.350
 39  15    561.9    164.1   0.0558  55.7785   0.0010  37.9458   0.0010 -1310.847
 39  16    563.3    162.7   0.0463   4.2281   0.0110   2.9511   0.0110 -1289.229
 39  17    564.7    161.3   0.0465   3.9983   0.0116   2.7730   0.0116 -1288.202
 39  18    558.6    167.4   0.0492   2.8598   0.0172   2.0920   0.0172 -1303.346
 39  19    561.9    164.1   0.0445   3.0140   0.0148   2.1472   0.0148 -1287.851
 39  20    561.8    164.2   0.0431   2.0177   0.0214   1.4688   0.0214 -1277.952
 39  21    559.1    166.9   0.0410   3.3190   0.0123   2.3841   0.0123 -1284.569
 39  22    567.6    158.4   0.0443   3.3632   0.0132   2.3048   0.0132 -1270.556
 39  23    564.0    162.0   0.0444   5.3343   0.0083   3.6747   0.0083 -1284.706
 39  24    564.0    162.0   0.0425   4.9704   0.0086   3.4267   0.0086 -1278.871
 39  25    563.5    162.5   0.0460   5.6633   0.0081   3.9099   0.0081 -1283.708
 39  26    562.2    163.8   0.0486   3.9077   0.0124   2.7576   0.0124 -1295.573
 39  27    560.7    165.3   0.0467   3.2467   0.0144   2.3253   0.0144 -1296.053
 39  28    556.0    170.0   0.0488   4.4136   0.0111   3.2118   0.0111 -1315.796
 39  29    564.8    161.2   0.0504   3.4491   0.0146   2.4157   0.0146 -1296.649
 39  30    564.8    161.2   0.0504   3.4491   0.0146   2.4157   0.0146 -1296.649
 39  31    565.6    160.4   0.0481   5.6169   0.0086   3.8343   0.0086 -1291.398
 39  32    563.8    162.2   0.0481  48.0557   0.0010  32.3248   0.0010 -1291.994
 39  33    565.3    160.7   0.0423   4.9067   0.0086   3.3576   0.0086 -1274.425
 39  34    560.1    165.9   0.0485   5.7706   0.0084   4.0691   0.0084 -1300.382
 39  35    566.2    159.8   0.0482   1.9259   0.0250   1.3842   0.0250 -1285.493
 39  36    567.9    158.1   0.0384   1.7517   0.0219   1.2343   0.0219 -1252.312
 39  37    554.3    171.7   0.0445   2.1297   0.0209   1.6131   0.0209 -1303.452
 39  38    566.1    159.9   0.0141   1.1716   0.0121   0.8073   0.0121 -1185.976
 40   1    553.7    172.3   0.0981   3.0739   0.0319   2.4127   0.0319 -1406.718
 40   2    552.8    173.2   0.0917   4.5370   0.0202   3.4575   0.0202 -1396.670
 40   3    559.0    167.0   0.0847   4.2118   0.0201   3.1026   0.0201 -1375.009
 40   4    559.9    166.1   0.0904   2.9169   0.0310   2.2114   0.0310 -1373.261
 40   5    559.6    166.4   0.0895   4.8089   0.0186   3.5141   0.0186 -1380.073
 40   6    560.7    165.3   0.0848   4.7145   0.0180   3.4166   0.0180 -1367.055
 40   7    559.6    166.4   0.0845   2.7031   0.0312   2.0542   0.0312 -1369.126
 40   8    560.8    165.2   0.0863   2.5252   0.0342   1.9235   0.0342 -1368.367
 40   9    561.3    164.7   0.0503   6.6737   0.0075   4.6596   0.0075 -1299.410
 40  10    555.7    170.3   0.0488   4.8173   0.0101   3.5028   0.0101 -1318.289
 40  11    560.7    165.3   0.0563   3.9439   0.0143   2.8240   0.0143 -1303.069
 40  12    559.5    166.5   0.0546   3.9862   0.0137   2.8680   0.0137 -1305.248
 40  13    560.4    165.6   0.0510   2.9487   0.0173   2.1355   0.0173 -1299.154
 40  14    560.4    165.6   0.0510   2.7509   0.0186   2.0010   0.0186 -1298.222
 40  15    558.4    167.6   0.0588   4.4098   0.0133   3.1890   0.0133 -1323.002
 40  16    560.0    166.0   0.0509   2.9759   0.0171   2.1589   0.0171 -1304.992
 40  17    561.5    164.5   0.0492   3.1619   0.0156   2.2637   0.0156 -1298.925
 40  18    555.4    170.6   0.0557   3.4658   0.0161   2.5716   0.0161 -1323.808
 40  19    558.9    167.1   0.0468  28.8066   0.0016  20.0046   0.0016 -1302.283
 40  20    558.6    167.4   0.0530   3.0761   0.0172   2.2496   0.0172 -1313.058
 40  21    555.8    170.2   0.0491   4.3090   0.0114   3.1429   0.0114 -1308.771
 40  22    564.6    161.4   0.0500  50.0088   0.0010  33.4653   0.0010 -1290.924
 40  23    560.7    165.3   0.0446  44.6154   0.0010  30.5697   0.0010 -1293.054
 40  24    560.7    165.3   0.0427  42.7260   0.0010  29.2752   0.0010 -1287.547
 40  25    560.2    165.8   0.0505   2.4572   0.0206   1.8003   0.0206 -1299.009
 40  26    558.9    167.1   0.0509   3.7007   0.0138   2.6734   0.0138 -1308.770
 40  27    557.3    168.7   0.0489   4.0806   0.0120   2.9564   0.0120 -1309.605
 40  28    552.6    173.4   0.0512   4.2057   0.0122   3.1306   0.0122 -1326.320
 40  29    561.5    164.5   0.0525   4.0986   0.0128   2.9073   0.0128 -1309.506
 40  30    561.5    164.5   0.0525   4.0986   0.0128   2.9073   0.0128 -1309.506
 40  31    562.5    163.5   0.0526   3.7582   0.0140   2.6617   0.0140 -1306.869
 40  32    560.5    165.5   0.0508   4.6193   0.0110   3.2759   0.0110 -1304.877
 40  33    562.1    163.9   0.0483  30.6164   0.0016  20.8496   0.0016 -1295.472
 40  34    556.6    169.4   0.0470   4.0152   0.0117   2.9188   0.0117 -1304.141
 40  35    563.1    162.9   0.0519   2.4684   0.0210   1.7821   0.0210 -1302.537
 40  36    564.8    161.2   0.0383   2.4728   0.0155   1.7364   0.0155 -1263.956
 40  37    551.1    174.9   0.0410   3.0699   0.0133   2.3118   0.0133 -1301.764
 40  38    563.3    162.7   0.0216   1.9722   0.0109   1.3762   0.0109 -1228.229
 40  39    563.4    162.6   0.0215   1.4796   0.0145   1.0443   0.0145 -1216.935
 41   1    544.9    181.1   0.0996   2.7647   0.0360   2.2935   0.0360 -1429.133
 41   2    544.3    181.7   0.0929   4.1435   0.0224   3.3207   0.0224 -1419.295
 41   3    548.7    177.3   0.0837   6.4060   0.0131   4.8827   0.0131 -1397.640
 41   4    551.5    174.5   0.0918   3.2739   0.0280   2.5699   0.0280 -1401.818
 41   5    552.2    173.8   0.0901   3.2429   0.0278   2.5351   0.0278 -1400.849
 41   6    552.7    173.3   0.0856   3.0487   0.0281   2.3789   0.0281 -1388.546
 41   7    552.0    174.0   0.0834   3.5263   0.0237   2.7254   0.0237 -1392.092
 41   8    553.1    172.9   0.0854   3.3193   0.0257   2.5673   0.0257 -1392.595
 41   9    551.3    174.7   0.0626  62.6290   0.0010  45.3568   0.0010 -1349.837
 41  10    545.6    180.4   0.0580   2.6631   0.0218   2.1157   0.0218 -1354.739
 41  11    554.3    171.7   0.0651   2.3715   0.0275   1.8322   0.0275 -1340.176
 41  12    552.1    173.9   0.0613   2.6019   0.0236   2.0097   0.0236 -1341.364
 41  13    553.3    172.7   0.0579   2.6072   0.0222   1.9928   0.0222 -1333.960
 41  14    553.4    172.6   0.0578   2.6514   0.0218   2.0232   0.0218 -1334.560
 41  15    554.4    171.6   0.0615   3.4460   0.0178   2.5845   0.0178 -1346.009
 41  16    555.3    170.7   0.0591   3.3470   0.0177   2.4960   0.0177 -1341.145
 41  17    558.3    167.7   0.0549   3.7290   0.0147   2.7112   0.0147 -1331.191
 41  18    548.5    177.5   0.0630   2.0548   0.0307   1.6504   0.0307 -1351.331
 41  19    549.2    176.8   0.0575   4.4165   0.0130   3.3577   0.0130 -1345.815
 41  20    550.9    175.1   0.0599   3.4388   0.0174   2.6248   0.0174 -1348.850
 41  21    547.5    178.5   0.0548   2.0817   0.0263   1.6597   0.0263 -1334.733
 41  22    553.6    172.4   0.0587  58.6935   0.0010  41.9389   0.0010 -1336.732
 41  23    551.9    174.1   0.0531  53.0505   0.0010  38.2868   0.0010 -1334.577
 41  24    552.6    173.4   0.0510  51.0149   0.0010  36.6710   0.0010 -1328.953
 41  25    554.9    171.1   0.0587   3.9459   0.0149   2.9238   0.0149 -1338.726
 41  26    551.8    174.2   0.0531   6.1034   0.0087   4.5137   0.0087 -1336.345
 41  27    549.7    176.3   0.0497   3.7170   0.0134   2.8205   0.0134 -1333.030
 41  28    545.5    180.5   0.0562   3.3045   0.0170   2.5918   0.0170 -1353.749
 41  29    552.4    173.6   0.0597   3.2273   0.0185   2.4512   0.0185 -1346.355
 41  30    552.4    173.6   0.0597   3.2273   0.0185   2.4512   0.0185 -1346.355
 41  31    553.6    172.4   0.0593   4.0896   0.0145   3.0486   0.0145 -1345.208
 41  32    552.4    173.6   0.0579   2.8513   0.0203   2.1778   0.0203 -1340.439
 41  33    552.6    173.4   0.0548  54.8323   0.0010  39.4183   0.0010 -1334.575
 41  34    550.1    175.9   0.0578   3.5969   0.0161   2.7454   0.0161 -1345.714
 41  35    557.3    168.7   0.0510   2.1260   0.0240   1.5993   0.0240 -1323.786
 41  36    559.8    166.2   0.0409   2.1964   0.0186   1.6028   0.0186 -1294.564
 41  37    541.5    184.5   0.0578   2.6787   0.0216   2.1710   0.0216 -1357.627
 41  38    555.2    170.8   0.0274   1.6383   0.0167   1.2192   0.0167 -1266.721
 41  39    555.9    170.1   0.0273   1.8915   0.0145   1.3921   0.0145 -1263.463
 41  40    552.6    173.4   0.0276   1.3383   0.0206   1.0220   0.0206 -1254.963

