Supplemental results for CODEML (seqf: nad4l.pal2nal  treef: )


pairwise comparison (Goldman & Yang 1994)
seq seq        N       S       dN       dS     dN/dS   Paras.
  2   1    227.1     63.9   0.0009   0.9491   0.0010   0.6276   0.0010  -463.206
  3   1    229.5     61.5   0.0008   0.8091   0.0010   0.5151   0.0010  -460.000
  3   2    226.5     64.5   0.0011   1.0816   0.0010   0.7221   0.0010  -468.315
  4   1    228.2     62.8   0.0015   1.4806   0.0010   0.9618   0.0010  -468.424
  4   2    227.8     63.2   0.0007   0.6524   0.0010   0.4266   0.0010  -454.888
  4   3    227.0     64.0   0.0011   1.0590   0.0010   0.7016   0.0010  -467.420
  5   1    226.1     64.9   0.0009   0.9369   0.0010   0.6287   0.0010  -465.664
  5   2    225.6     65.4   0.0000   0.0297   0.0010   0.0201   0.0010  -386.356
  5   3    225.6     65.4   0.0009   0.9291   0.0010   0.6289   0.0010  -468.277
  5   4    226.9     64.1   0.0007   0.7065   0.0010   0.4686   0.0010  -458.965
  6   1    227.7     63.3   0.0045   0.9829   0.0046   0.6519   0.0046  -475.199
  6   2    225.8     65.2   0.0045   0.5990   0.0076   0.4131   0.0076  -467.846
  6   3    228.6     62.4   0.0045   0.9042   0.0050   0.5928   0.0050  -472.719
  6   4    226.8     64.2   0.0045   0.4850   0.0093   0.3317   0.0093  -457.997
  6   5    224.9     66.1   0.0046   0.6508   0.0070   0.4538   0.0070  -471.795
  7   1    224.9     66.1   0.0378   1.5938   0.0237   1.1742   0.0237  -515.889
  7   2    223.3     67.7   0.0379   1.8189   0.0209   1.3565   0.0209  -520.669
  7   3    225.7     65.3   0.0379   2.5656   0.0148   1.8142   0.0148  -520.251
  7   4    224.2     66.8   0.0378   3.1793   0.0119   2.2761   0.0119  -522.333
  7   5    222.4     68.6   0.0381   1.8977   0.0201   1.4295   0.0201  -523.025
  7   6    224.0     67.0   0.0382  38.1618   0.0010  26.4651   0.0010  -525.536
  8   1    225.2     65.8   0.0479   1.6475   0.0291   1.2293   0.0291  -525.547
  8   2    222.4     68.6   0.0483   2.3092   0.0209   1.7448   0.0209  -534.537
  8   3    227.4     63.6   0.0474   2.2489   0.0211   1.5846   0.0211  -527.378
  8   4    222.9     68.1   0.0481   4.3649   0.0110   3.1755   0.0110  -534.700
  8   5    221.4     69.6   0.0486   2.2605   0.0215   1.7320   0.0215  -536.225
  8   6    224.3     66.7   0.0479   3.9782   0.0121   2.8447   0.0121  -534.970
  8   7    221.3     69.7   0.0340   0.6472   0.0525   0.5427   0.0525  -499.723
  9   1    222.8     68.2   0.2453   3.7220   0.0659   3.1798   0.0659  -625.440
  9   2    222.0     69.0   0.2448   4.9839   0.0491   4.1057   0.0491  -629.307
  9   3    222.6     68.4   0.2425   5.9008   0.0411   4.7175   0.0411  -628.337
  9   4    223.2     67.8   0.2425  12.7090   0.0191   9.4398   0.0191  -626.657
  9   5    221.1     69.9   0.2457   4.7638   0.0516   3.9928   0.0516  -631.350
  9   6    221.6     69.4   0.2441  28.9235   0.0084  21.2561   0.0084  -631.286
  9   7    219.1     71.9   0.2431  12.0760   0.0201   9.5042   0.0201  -635.740
  9   8    218.2     72.8   0.2383  20.1617   0.0118  15.6743   0.0118  -632.519
 10   1    221.8     69.2   0.2530  11.7460   0.0215   8.9604   0.0215  -632.783
 10   2    219.2     71.8   0.2569   4.3682   0.0588   3.8158   0.0588  -637.873
 10   3    223.5     67.5   0.2505   6.9387   0.0361   5.4075   0.0361  -631.370
 10   4    219.9     71.1   0.2552  18.1665   0.0140  13.8940   0.0140  -636.188
 10   5    218.2     72.8   0.2578   4.2537   0.0606   3.7723   0.0606  -639.681
 10   6    220.7     70.3   0.2633  68.1749   0.0039  50.0000   0.0039  -639.582
 10   7    217.8     73.2   0.2735   4.0037   0.0683   3.6364   0.0683  -644.377
 10   8    218.8     72.2   0.2933   1.9420   0.1510   2.1074   0.1510  -642.415
 10   9    214.9     76.1   0.0919  18.5300   0.0050  14.7402   0.0050  -558.991
 11   1    222.3     68.7   0.2616  13.5428   0.0193  10.1891   0.0193  -634.725
 11   2    220.4     70.6   0.2697   1.8683   0.1444   1.9723   0.1444  -636.566
 11   3    223.6     67.4   0.2631   3.0258   0.0869   2.7084   0.0869  -632.585
 11   4    221.2     69.8   0.2670   2.2778   0.1172   2.2474   0.1172  -632.963
 11   5    219.5     71.5   0.2707   1.9425   0.1394   2.0440   0.1394  -638.859
 11   6    221.3     69.7   0.2670   2.6972   0.0990   2.5470   0.0990  -637.026
 11   7    218.6     72.4   0.2511   5.5836   0.0450   4.7315   0.0450  -638.187
 11   8    219.0     72.0   0.2605  66.5328   0.0039  50.0000   0.0039  -639.715
 11   9    215.8     75.2   0.0965   1.8213   0.0530   1.6261   0.0530  -557.310
 11  10    215.2     75.8   0.0805  36.0774   0.0022  28.3861   0.0022  -552.899
 12   1    221.7     69.3   0.2549  12.6398   0.0202   9.6102   0.0202  -630.294
 12   2    220.7     70.3   0.2550  13.1687   0.0194  10.1297   0.0194  -633.448
 12   3    222.1     68.9   0.2534  13.8529   0.0183  10.4206   0.0183  -630.602
 12   4    221.7     69.3   0.2545  15.4336   0.0165  11.6074   0.0165  -631.077
 12   5    219.7     71.3   0.2560  12.5135   0.0205   9.7747   0.0205  -635.227
 12   6    220.8     70.2   0.2551  45.9236   0.0056  33.7968   0.0056  -634.523
 12   7    217.8     73.2   0.2399  10.5045   0.0228   8.4609   0.0228  -633.420
 12   8    217.5     73.5   0.2721  15.9352   0.0171  12.6885   0.0171  -642.413
 12   9    216.3     74.7   0.0800   4.3913   0.0182   3.5619   0.0182  -551.100
 12  10    214.2     76.8   0.0761   9.6523   0.0079   7.8127   0.0079  -550.519
 12  11    215.2     75.8   0.0435   0.8458   0.0515   0.7578   0.0515  -515.691
 13   1    225.1     65.9   0.2555   3.1671   0.0807   2.7443   0.0807  -619.433
 13   2    223.2     67.8   0.2577   2.1466   0.1201   2.0934   0.1201  -622.009
 13   3    225.6     65.4   0.2541   2.3822   0.1067   2.1977   0.1067  -618.632
 13   4    224.3     66.7   0.2547   3.7318   0.0682   3.1553   0.0682  -621.842
 13   5    222.2     68.8   0.2590   2.0459   0.1266   2.0440   0.1266  -624.220
 13   6    223.8     67.2   0.2507  71.3663   0.0035  50.0000   0.0035  -626.459
 13   7    220.9     70.1   0.2420   5.9740   0.0405   4.8712   0.0405  -626.932
 13   8    221.0     70.0   0.2580  14.4593   0.0178  11.0252   0.0178  -630.344
 13   9    218.8     72.2   0.0791   1.2438   0.0636   1.1043   0.0636  -532.933
 13  10    217.5     73.5   0.0744  39.6406   0.0019  30.1944   0.0019  -542.091
 13  11    218.1     72.9   0.0235   0.6897   0.0341   0.5714   0.0341  -482.164
 13  12    217.5     73.5   0.0187   0.5185   0.0362   0.4348   0.0362  -477.014
 14   1    225.3     65.7   0.2553   3.1439   0.0812   2.7214   0.0812  -619.009
 14   2    223.3     67.7   0.2577   2.1485   0.1199   2.0935   0.1199  -621.833
 14   3    226.0     65.0   0.2536   2.3776   0.1067   2.1839   0.1067  -617.860
 14   4    224.3     66.7   0.2547   3.7137   0.0686   3.1430   0.0686  -621.820
 14   5    222.3     68.7   0.2590   2.0482   0.1264   2.0445   0.1264  -624.044
 14   6    224.1     66.9   0.2505  71.6288   0.0035  50.0000   0.0035  -626.130
 14   7    221.1     69.9   0.2418   5.8349   0.0414   4.7566   0.0414  -626.576
 14   8    221.4     69.6   0.2576  13.7246   0.0188  10.4352   0.0188  -629.743
 14   9    218.9     72.1   0.0791   1.1875   0.0666   1.0612   0.0666  -532.349
 14  10    217.9     73.1   0.0743  34.9541   0.0021  26.5119   0.0021  -541.619
 14  11    218.4     72.6   0.0235   0.6624   0.0355   0.5489   0.0355  -480.960
 14  12    217.7     73.3   0.0187   0.4942   0.0379   0.4155   0.0379  -475.761
 14  13    221.1     69.9   0.0000   0.0144   0.0010   0.0104   0.0010  -370.420
 15   1    226.5     64.5   0.2380   4.7826   0.0498   3.7353   0.0498  -613.186
 15   2    225.5     65.5   0.2413   1.9030   0.1268   1.8455   0.1268  -613.530
 15   3    225.6     65.4   0.2374   3.9343   0.0603   3.2030   0.0603  -616.191
 15   4    227.0     64.0   0.2393   2.9309   0.0816   2.4951   0.0816  -612.875
 15   5    224.6     66.4   0.2422   1.9309   0.1254   1.8829   0.1254  -616.413
 15   6    225.0     66.0   0.2498   3.0694   0.0814   2.6682   0.0814  -621.779
 15   7    222.3     68.7   0.2618   3.0599   0.0856   2.7667   0.0856  -628.846
 15   8    221.3     69.7   0.2826   2.3873   0.1184   2.3601   0.1184  -635.123
 15   9    220.9     70.1   0.0734   2.0063   0.0366   1.6165   0.0366  -533.723
 15  10    218.2     72.8   0.0645   3.0688   0.0210   2.4472   0.0210  -536.313
 15  11    219.1     71.9   0.0794   1.5650   0.0508   1.3388   0.0508  -541.080
 15  12    219.5     71.5   0.0639  20.8030   0.0031  15.4774   0.0031  -533.491
 15  13    222.4     68.6   0.0631   1.3406   0.0470   1.0932   0.0470  -517.066
 15  14    222.4     68.6   0.0630   1.4273   0.0442   1.1536   0.0442  -517.377
 16   1    225.9     65.1   0.2192   8.4681   0.0259   6.1906   0.0259  -610.063
 16   2    223.7     67.3   0.2219   3.8031   0.0584   3.1501   0.0584  -614.394
 16   3    227.3     63.7   0.2179   5.8385   0.0373   4.3476   0.0373  -610.445
 16   4    224.5     66.5   0.2216   5.0052   0.0443   3.9429   0.0443  -612.663
 16   5    222.8     68.2   0.2225   3.9928   0.0557   3.3172   0.0557  -617.009
 16   6    224.7     66.3   0.2315   2.4240   0.0955   2.1923   0.0955  -615.881
 16   7    222.3     68.7   0.2370   5.7627   0.0411   4.6223   0.0411  -624.644
 16   8    222.9     68.1   0.2468   4.8871   0.0505   3.9960   0.0505  -626.342
 16   9    219.5     71.5   0.0903   2.6058   0.0346   2.1255   0.0346  -548.514
 16  10    219.1     71.9   0.0691  67.2516   0.0010  50.0000   0.0010  -540.891
 16  11    219.4     71.6   0.0633   1.1670   0.0542   1.0040   0.0542  -526.349
 16  12    219.0     72.0   0.0692   1.6899   0.0409   1.4106   0.0409  -534.921
 16  13    222.1     68.9   0.0584   1.0122   0.0577   0.8532   0.0577  -512.637
 16  14    222.3     68.7   0.0583   0.9680   0.0603   0.8188   0.0603  -511.703
 16  15    222.8     68.2   0.0557   1.1934   0.0467   0.9670   0.0467  -510.935
 17   1    226.8     64.2   0.2182   8.7793   0.0248   6.3237   0.0248  -605.459
 17   2    224.6     66.4   0.2207   3.9872   0.0554   3.2389   0.0554  -610.408
 17   3    227.5     63.5   0.2184   4.0351   0.0541   3.1543   0.0541  -606.562
 17   4    225.6     65.4   0.2182  19.1252   0.0114  13.3933   0.0114  -607.576
 17   5    223.7     67.3   0.2215   3.7962   0.0583   3.1445   0.0583  -613.145
 17   6    225.4     65.6   0.2311   2.2203   0.1041   2.0389   0.1041  -612.250
 17   7    222.8     68.2   0.2350  10.9160   0.0215   8.2153   0.0215  -621.302
 17   8    223.1     67.9   0.2450   8.6467   0.0283   6.6138   0.0283  -623.499
 17   9    220.4     70.6   0.0899   1.8752   0.0479   1.5698   0.0479  -543.446
 17  10    219.5     71.5   0.0688  67.6491   0.0010  50.0000   0.0010  -537.570
 17  11    220.0     71.0   0.0632   1.2225   0.0517   1.0386   0.0517  -523.371
 17  12    219.5     71.5   0.0690   1.6407   0.0420   1.3648   0.0420  -530.702
 17  13    222.8     68.2   0.0582   0.9960   0.0584   0.8339   0.0584  -506.141
 17  14    223.1     67.9   0.0581   0.9517   0.0611   0.8002   0.0611  -505.215
 17  15    223.9     67.1   0.0545   1.2044   0.0452   0.9588   0.0452  -504.772
 17  16    223.6     67.4   0.0001   0.0769   0.0010   0.0536   0.0010  -385.855
 18   1    228.0     63.0   0.2205  76.1589   0.0029  50.0000   0.0029  -606.865
 18   2    224.9     66.1   0.2256   4.7954   0.0470   3.7897   0.0470  -613.272
 18   3    229.9     61.1   0.2200   6.2528   0.0352   4.4603   0.0352  -606.275
 18   4    225.6     65.4   0.2233  73.3730   0.0030  50.0000   0.0030  -610.754
 18   5    224.0     67.0   0.2264   4.6067   0.0491   3.7053   0.0491  -615.733
 18   6    226.8     64.2   0.2222  74.7846   0.0030  50.0000   0.0030  -612.182
 18   7    224.0     67.0   0.2224   2.7175   0.0818   2.3894   0.0818  -614.127
 18   8    225.4     65.6   0.2493   3.6734   0.0679   3.0618   0.0679  -623.201
 18   9    221.0     70.0   0.0789   1.5478   0.0510   1.2973   0.0510  -534.729
 18  10    221.6     69.4   0.0582  35.3820   0.0016  25.4569   0.0016  -528.681
 18  11    221.6     69.4   0.0629   1.2627   0.0498   1.0468   0.0498  -525.343
 18  12    220.4     70.6   0.0478   1.5801   0.0303   1.2587   0.0303  -518.310
 18  13    224.0     67.0   0.0473   1.1196   0.0423   0.8830   0.0423  -501.395
 18  14    224.4     66.6   0.0473   1.0694   0.0442   0.8438   0.0442  -500.433
 18  15    224.2     66.8   0.0440   1.4798   0.0297   1.1205   0.0297  -505.865
 18  16    225.4     65.6   0.0183   1.0817   0.0169   0.7742   0.0169  -478.116
 18  17    225.9     65.1   0.0183   0.9157   0.0200   0.6576   0.0200  -471.165
 19   1    224.1     66.9   0.2308   7.1636   0.0322   5.4721   0.0322  -616.294
 19   2    222.4     68.6   0.2343   2.5243   0.0928   2.3220   0.0928  -618.991
 19   3    224.4     66.6   0.2296   6.6070   0.0348   5.0648   0.0348  -617.000
 19   4    223.5     67.5   0.2301  16.5884   0.0139  12.0664   0.0139  -618.207
 19   5    221.4     69.6   0.2352   2.4714   0.0952   2.3089   0.0952  -621.062
 19   6    222.9     68.1   0.2397  18.9513   0.0126  13.8609   0.0126  -624.197
 19   7    219.9     71.1   0.2535   4.4476   0.0570   3.8333   0.0570  -630.937
 19   8    219.9     71.1   0.2705   7.8067   0.0347   6.3323   0.0347  -636.591
 19   9    218.1     72.9   0.0750   0.9842   0.0762   0.9080   0.0762  -531.851
 19  10    216.6     74.4   0.0651   3.3753   0.0193   2.7354   0.0193  -537.416
 19  11    217.4     73.6   0.0805   2.2353   0.0360   1.8773   0.0360  -549.605
 19  12    216.8     74.2   0.0647  19.1885   0.0034  14.8186   0.0034  -538.471
 19  13    220.0     71.0   0.0640   1.7569   0.0364   1.4313   0.0364  -527.042
 19  14    220.2     70.8   0.0639   1.9490   0.0328   1.5676   0.0328  -527.013
 19  15    221.7     69.3   0.0329   1.0693   0.0308   0.8395   0.0308  -499.993
 19  16    221.1     69.9   0.0583   1.3006   0.0448   1.0700   0.0448  -522.999
 19  17    221.9     69.1   0.0581   1.0386   0.0559   0.8733   0.0559  -516.335
 19  18    222.9     68.1   0.0478   0.8367   0.0572   0.6974   0.0572  -508.112
 20   1    224.1     66.9   0.2308   7.1636   0.0322   5.4721   0.0322  -616.294
 20   2    222.4     68.6   0.2343   2.5243   0.0928   2.3220   0.0928  -618.991
 20   3    224.4     66.6   0.2296   6.6070   0.0348   5.0648   0.0348  -617.000
 20   4    223.5     67.5   0.2301  16.5884   0.0139  12.0664   0.0139  -618.207
 20   5    221.4     69.6   0.2352   2.4714   0.0952   2.3089   0.0952  -621.062
 20   6    222.9     68.1   0.2397  18.9513   0.0126  13.8609   0.0126  -624.197
 20   7    219.9     71.1   0.2535   4.4476   0.0570   3.8333   0.0570  -630.937
 20   8    219.9     71.1   0.2705   7.8067   0.0347   6.3323   0.0347  -636.591
 20   9    218.1     72.9   0.0750   0.9842   0.0762   0.9080   0.0762  -531.851
 20  10    216.6     74.4   0.0651   3.3753   0.0193   2.7354   0.0193  -537.416
 20  11    217.4     73.6   0.0805   2.2353   0.0360   1.8773   0.0360  -549.605
 20  12    216.8     74.2   0.0647  19.1885   0.0034  14.8186   0.0034  -538.471
 20  13    220.0     71.0   0.0640   1.7569   0.0364   1.4313   0.0364  -527.042
 20  14    220.2     70.8   0.0639   1.9490   0.0328   1.5676   0.0328  -527.013
 20  15    221.7     69.3   0.0329   1.0693   0.0308   0.8395   0.0308  -499.993
 20  16    221.1     69.9   0.0583   1.3006   0.0448   1.0700   0.0448  -522.999
 20  17    221.9     69.1   0.0581   1.0386   0.0559   0.8733   0.0559  -516.335
 20  18    222.9     68.1   0.0478   0.8367   0.0572   0.6974   0.0572  -508.112
 20  19    219.1     71.9   0.0000   0.0000   0.6896   0.0000   0.6896  -368.308
 21   1    223.6     67.4   0.2446   9.9902   0.0245   7.5076   0.0245  -623.159
 21   2    221.6     69.4   0.2472   4.8483   0.0510   4.0358   0.0510  -627.601
 21   3    224.6     66.4   0.2422  12.6378   0.0192   9.2157   0.0192  -622.914
 21   4    222.5     68.5   0.2453  16.4617   0.0149  12.1917   0.0149  -625.543
 21   5    220.6     70.4   0.2481   4.6899   0.0529   3.9684   0.0529  -629.563
 21   6    222.5     68.5   0.2541  30.9714   0.0082  22.4541   0.0082  -630.397
 21   7    219.5     71.5   0.2685   5.7803   0.0465   4.8658   0.0465  -637.039
 21   8    220.0     71.0   0.2869   4.7321   0.0606   4.1132   0.0606  -641.188
 21   9    217.4     73.6   0.0751   1.0619   0.0707   0.9742   0.0707  -536.129
 21  10    216.4     74.6   0.0651   4.1378   0.0157   3.3253   0.0157  -538.631
 21  11    217.1     73.9   0.0806   2.2116   0.0364   1.8650   0.0364  -549.980
 21  12    216.3     74.7   0.0648   4.7323   0.0137   3.7912   0.0137  -539.314
 21  13    219.5     71.5   0.0642   1.4575   0.0441   1.2202   0.0441  -526.415
 21  14    219.7     71.3   0.0641   1.5817   0.0405   1.3072   0.0405  -526.459
 21  15    220.7     70.3   0.0331   1.1328   0.0292   0.8962   0.0292  -501.355
 21  16    220.9     70.1   0.0585   1.3744   0.0425   1.1267   0.0425  -524.951
 21  17    221.4     69.6   0.0583   1.0826   0.0539   0.9097   0.0539  -518.923
 21  18    222.9     68.1   0.0481   0.7004   0.0686   0.6023   0.0686  -502.146
 21  19    218.5     72.5   0.0094   0.1962   0.0481   0.1679   0.0481  -435.041
 21  20    218.5     72.5   0.0094   0.1962   0.0481   0.1679   0.0481  -435.041
 22   1    224.1     66.9   0.2363   2.7004   0.0875   2.4084   0.0875  -616.917
 22   2    223.2     67.8   0.2376   1.8875   0.1259   1.8658   0.1259  -619.163
 22   3    224.0     67.0   0.2311  16.8341   0.0137  12.1655   0.0137  -621.204
 22   4    224.4     66.6   0.2314  17.8737   0.0129  12.8082   0.0129  -619.444
 22   5    222.3     68.7   0.2386   1.9323   0.1235   1.9150   0.1235  -621.768
 22   6    222.9     68.1   0.2416  36.5621   0.0066  26.2192   0.0066  -626.524
 22   7    220.4     70.6   0.2482   3.4171   0.0726   3.0517   0.0726  -631.340
 22   8    219.7     71.3   0.2810   2.8124   0.0999   2.7041   0.0999  -640.154
 22   9    218.8     72.2   0.0795   1.4569   0.0545   1.2642   0.0545  -541.974
 22  10    216.3     74.7   0.0594   2.5330   0.0234   2.0824   0.0234  -537.278
 22  11    217.4     73.6   0.0744   1.9385   0.0384   1.6369   0.0384  -545.107
 22  12    217.5     73.5   0.0537   1.9779   0.0272   1.6186   0.0272  -529.091
 22  13    220.2     70.8   0.0585   1.0334   0.0566   0.8875   0.0566  -515.956
 22  14    220.3     70.7   0.0585   0.9889   0.0592   0.8540   0.0592  -515.220
 22  15    222.2     68.8   0.0327   0.9046   0.0362   0.7167   0.0362  -496.272
 22  16    220.9     70.1   0.0379   1.3676   0.0277   1.0746   0.0277  -507.750
 22  17    221.7     69.3   0.0377   1.2857   0.0294   1.0043   0.0294  -502.672
 22  18    222.3     68.7   0.0280   1.3894   0.0202   1.0477   0.0202  -494.715
 22  19    219.4     71.6   0.0484   1.3617   0.0356   1.1152   0.0356  -520.586
 22  20    219.4     71.6   0.0484   1.3617   0.0356   1.1152   0.0356  -520.586
 22  21    218.6     72.4   0.0488   1.2762   0.0382   1.0619   0.0382  -520.270
 23   1    225.1     65.9   0.2216  10.7728   0.0206   7.8290   0.0206  -616.065
 23   2    222.1     68.9   0.2268   4.1230   0.0550   3.4470   0.0550  -621.745
 23   3    227.8     63.2   0.2189   9.1030   0.0240   6.4495   0.0240  -613.583
 23   4    222.5     68.5   0.2236  24.7299   0.0090  17.9666   0.0090  -620.645
 23   5    221.2     69.8   0.2276   4.0224   0.0566   3.4131   0.0566  -623.589
 23   6    224.4     66.6   0.2302  72.0345   0.0032  50.0000   0.0032  -622.965
 23   7    221.4     69.6   0.2358   6.0003   0.0393   4.8424   0.0393  -627.183
 23   8    223.1     67.9   0.2588   8.0644   0.0321   6.2396   0.0321  -632.587
 23   9    218.3     72.7   0.0798   2.4883   0.0321   2.0456   0.0321  -548.066
 23  10    219.2     71.8   0.0536  53.6228   0.0010  39.8129   0.0010  -531.804
 23  11    219.3     71.7   0.0638   1.3584   0.0470   1.1489   0.0470  -533.921
 23  12    217.8     73.2   0.0489   1.9414   0.0252   1.5758   0.0252  -525.232
 23  13    221.1     69.9   0.0483   1.3421   0.0360   1.0766   0.0360  -513.092
 23  14    221.6     69.4   0.0482   1.2868   0.0375   1.0307   0.0375  -512.193
 23  15    221.2     69.8   0.0330   1.2578   0.0263   0.9802   0.0263  -497.891
 23  16    223.2     67.8   0.0481   0.8162   0.0589   0.6814   0.0589  -505.112
 23  17    223.3     67.7   0.0479   0.8038   0.0596   0.6714   0.0596  -500.884
 23  18    225.8     65.2   0.0375   1.2591   0.0298   0.9331   0.0298  -500.147
 23  19    220.1     70.9   0.0286   0.8482   0.0337   0.6847   0.0337  -498.370
 23  20    220.1     70.9   0.0286   0.8482   0.0337   0.6847   0.0337  -498.370
 23  21    220.3     70.7   0.0386   0.6145   0.0629   0.5355   0.0629  -497.123
 23  22    219.7     71.3   0.0385   1.0966   0.0351   0.8935   0.0351  -511.740
 24   1    226.3     64.7   0.2217  13.0699   0.0170   9.2323   0.0170  -607.405
 24   2    224.2     66.8   0.2256   4.0488   0.0557   3.3097   0.0557  -612.282
 24   3    227.3     63.7   0.2192  75.3632   0.0029  50.0000   0.0029  -608.002
 24   4    225.1     65.9   0.2223  23.7848   0.0093  16.6704   0.0093  -609.691
 24   5    223.2     67.8   0.2265   3.9652   0.0571   3.2910   0.0571  -614.931
 24   6    225.2     65.8   0.2306  72.8727   0.0032  50.0000   0.0032  -615.727
 24   7    222.3     68.7   0.2349  12.0479   0.0195   9.0720   0.0195  -621.348
 24   8    222.8     68.2   0.2647  70.2876   0.0038  50.0000   0.0038  -629.425
 24   9    220.1     70.9   0.0793   1.3545   0.0586   1.1701   0.0586  -533.537
 24  10    219.3     71.7   0.0485  48.5492   0.0010  35.9945   0.0010  -522.560
 24  11    219.9     71.1   0.0532   1.0315   0.0516   0.8768   0.0516  -516.795
 24  12    219.0     72.0   0.0384   1.3624   0.0282   1.0977   0.0282  -510.208
 24  13    222.4     68.6   0.0382   0.7749   0.0493   0.6357   0.0493  -488.356
 24  14    222.7     68.3   0.0381   0.8251   0.0462   0.6688   0.0462  -488.955
 24  15    223.5     67.5   0.0326   0.6158   0.0530   0.5038   0.0530  -475.198
 24  16    223.7     67.3   0.0281   0.7434   0.0378   0.5808   0.0378  -476.401
 24  17    224.3     66.7   0.0279   0.7309   0.0382   0.5673   0.0382  -469.182
 24  18    225.7     65.3   0.0184   0.6963   0.0264   0.5112   0.0264  -466.565
 24  19    221.4     69.6   0.0283   0.4821   0.0586   0.4106   0.0586  -477.271
 24  20    221.4     69.6   0.0283   0.4821   0.0586   0.4106   0.0586  -477.271
 24  21    221.0     70.0   0.0284   0.4471   0.0635   0.3873   0.0635  -475.280
 24  22    221.4     69.6   0.0280   0.8603   0.0326   0.6811   0.0326  -487.276
 24  23    223.1     67.9   0.0186   0.3898   0.0478   0.3156   0.0478  -459.443
 25   1    224.3     66.7   0.2308   5.7483   0.0402   4.4852   0.0402  -613.301
 25   2    223.3     67.7   0.2325   3.1851   0.0730   2.7582   0.0730  -616.415
 25   3    224.1     66.9   0.2315   3.9847   0.0581   3.2834   0.0581  -614.792
 25   4    224.5     66.5   0.2287  16.7348   0.0137  11.9962   0.0137  -614.040
 25   5    222.3     68.7   0.2335   3.0509   0.0765   2.6950   0.0765  -618.740
 25   6    223.1     67.9   0.2384  70.6859   0.0034  50.0000   0.0034  -621.625
 25   7    220.2     70.8   0.2433   7.8671   0.0309   6.2964   0.0309  -626.245
 25   8    219.6     71.4   0.2692  12.8340   0.0210  10.0612   0.0210  -634.292
 25   9    218.9     72.1   0.0909   0.8873   0.1025   0.8647   0.1025  -537.272
 25  10    216.4     74.6   0.0592  59.1549   0.0010  45.5985   0.0010  -534.243
 25  11    217.5     73.5   0.0642   0.9330   0.0688   0.8506   0.0688  -521.963
 25  12    217.3     73.7   0.0488   1.3955   0.0349   1.1697   0.0349  -519.579
 25  13    220.3     70.7   0.0486   0.8224   0.0591   0.7099   0.0591  -496.633
 25  14    220.4     70.6   0.0485   0.8658   0.0560   0.7403   0.0560  -497.271
 25  15    222.5     68.5   0.0231   0.7657   0.0302   0.5942   0.0302  -474.433
 25  16    221.4     69.6   0.0380   0.8603   0.0442   0.7045   0.0442  -492.445
 25  17    222.2     68.8   0.0379   0.7318   0.0517   0.6060   0.0517  -483.557
 25  18    222.7     68.3   0.0281   0.7588   0.0370   0.5988   0.0370  -480.608
 25  19    219.5     71.5   0.0285   0.6039   0.0473   0.5099   0.0473  -487.361
 25  20    219.5     71.5   0.0285   0.6039   0.0473   0.5099   0.0473  -487.361
 25  21    218.7     72.3   0.0287   0.5735   0.0500   0.4922   0.0500  -487.826
 25  22    220.2     70.8   0.0381   0.9689   0.0393   0.7941   0.0393  -502.107
 25  23    219.7     71.3   0.0189   0.5936   0.0318   0.4792   0.0318  -474.271
 25  24    221.6     69.4   0.0092   0.2697   0.0342   0.2141   0.0342  -430.375
 26   1    225.5     65.5   0.2295   8.4533   0.0271   6.2451   0.0271  -609.861
 26   2    224.4     66.6   0.2330   2.6705   0.0872   2.3722   0.0872  -611.975
 26   3    225.0     66.0   0.2281  14.6197   0.0156  10.4756   0.0156  -612.425
 26   4    225.7     65.3   0.2324   2.5398   0.0915   2.2502   0.0915  -608.821
 26   5    223.4     67.6   0.2337   2.7646   0.0845   2.4640   0.0845  -614.862
 26   6    224.2     66.8   0.2379  71.7550   0.0033  50.0000   0.0033  -618.469
 26   7    221.2     69.8   0.2459   2.8254   0.0870   2.5930   0.0870  -621.494
 26   8    220.6     70.4   0.2684  17.7855   0.0151  13.5265   0.0151  -632.332
 26   9    220.1     70.9   0.0846   2.2518   0.0376   1.8388   0.0376  -541.036
 26  10    217.5     73.5   0.0537  53.6639   0.0010  40.7743   0.0010  -528.404
 26  11    218.6     72.4   0.0585   1.3862   0.0422   1.1663   0.0422  -526.828
 26  12    218.4     72.6   0.0433  32.8665   0.0013  24.6869   0.0013  -517.101
 26  13    221.5     69.5   0.0430   2.7235   0.0158   2.0501   0.0158  -504.705
 26  14    221.6     69.4   0.0430   2.9436   0.0146   2.2046   0.0146  -504.610
 26  15    223.7     67.3   0.0278   1.0408   0.0267   0.7862   0.0267  -488.202
 26  16    222.4     68.6   0.0328   1.4151   0.0232   1.0767   0.0232  -498.509
 26  17    223.3     67.7   0.0327   1.3233   0.0247   0.9993   0.0247  -491.431
 26  18    223.7     67.3   0.0232   0.8438   0.0275   0.6389   0.0275  -476.922
 26  19    220.6     70.4   0.0235   0.5944   0.0395   0.4847   0.0395  -478.321
 26  20    220.6     70.4   0.0235   0.5944   0.0395   0.4847   0.0395  -478.321
 26  21    219.8     71.2   0.0236   0.5483   0.0431   0.4561   0.0431  -477.411
 26  22    221.3     69.7   0.0330   1.2644   0.0261   0.9841   0.0261  -502.197
 26  23    220.6     70.4   0.0140   1.1522   0.0121   0.8678   0.0121  -484.416
 26  24    222.7     68.3   0.0046   0.4994   0.0091   0.3623   0.0091  -446.042
 26  25    221.3     69.7   0.0046   0.6137   0.0075   0.4513   0.0075  -454.848
 27   1    222.2     68.8   0.2272   4.9106   0.0463   4.0050   0.0463  -617.911
 27   2    221.5     69.5   0.2326   1.5252   0.1525   1.6238   0.1525  -614.090
 27   3    222.1     68.9   0.2265   5.4184   0.0418   4.3697   0.0418  -619.676
 27   4    222.7     68.3   0.2276   3.0900   0.0737   2.6989   0.0737  -616.972
 27   5    220.6     70.4   0.2337   1.4737   0.1586   1.6010   0.1586  -615.981
 27   6    221.1     69.9   0.2385   3.0717   0.0776   2.7567   0.0776  -624.761
 27   7    218.5     72.5   0.2390   7.1265   0.0335   5.8632   0.0335  -629.976
 27   8    217.7     73.3   0.2653  10.8097   0.0245   8.7625   0.0245  -638.486
 27   9    217.0     74.0   0.0859   1.1906   0.0721   1.0998   0.0721  -545.756
 27  10    214.3     76.7   0.0650  25.3179   0.0026  20.1519   0.0026  -543.940
 27  11    215.6     75.4   0.0700   1.0897   0.0642   1.0023   0.0642  -535.810
 27  12    215.7     75.3   0.0543   1.6090   0.0338   1.3700   0.0338  -530.759
 27  13    218.2     72.8   0.0540   1.1141   0.0485   0.9576   0.0485  -514.674
 27  14    218.3     72.7   0.0540   1.0626   0.0508   0.9179   0.0508  -513.973
 27  15    220.4     70.6   0.0281   1.2492   0.0225   0.9734   0.0225  -500.504
 27  16    219.1     71.9   0.0335   1.1053   0.0303   0.8948   0.0303  -502.060
 27  17    219.9     71.1   0.0333   0.9706   0.0344   0.7872   0.0344  -496.003
 27  18    220.4     70.6   0.0236   0.7578   0.0311   0.6053   0.0311  -484.883
 27  19    217.4     73.6   0.0239   0.5470   0.0437   0.4685   0.0437  -484.671
 27  20    217.4     73.6   0.0239   0.5470   0.0437   0.4685   0.0437  -484.671
 27  21    216.7     74.3   0.0240   0.4566   0.0526   0.4035   0.0526  -480.947
 27  22    218.3     72.7   0.0238   0.8743   0.0272   0.7090   0.0272  -494.641
 27  23    217.7     73.3   0.0240   0.5264   0.0455   0.4513   0.0455  -481.989
 27  24    219.5     71.5   0.0140   0.4379   0.0320   0.3545   0.0320  -462.779
 27  25    218.3     72.7   0.0141   0.3865   0.0364   0.3213   0.0364  -462.609
 27  26    219.4     71.6   0.0093   0.4615   0.0202   0.3616   0.0202  -458.211
 28   1    220.8     70.2   0.2225   5.5094   0.0404   4.4920   0.0404  -621.806
 28   2    219.6     71.4   0.2237   3.6775   0.0608   3.2116   0.0608  -624.442
 28   3    221.7     69.3   0.2208   7.0035   0.0315   5.5059   0.0315  -622.250
 28   4    220.5     70.5   0.2209  24.9308   0.0089  18.6129   0.0089  -623.122
 28   5    218.8     72.2   0.2245   3.5576   0.0631   3.1546   0.0631  -626.108
 28   6    219.9     71.1   0.2325   4.6645   0.0498   3.9439   0.0498  -628.719
 28   7    217.5     73.5   0.2339  12.0643   0.0194   9.6624   0.0194  -633.166
 28   8    217.4     73.6   0.2649  14.8175   0.0179  11.8361   0.0179  -641.935
 28   9    215.3     75.7   0.0813   1.2070   0.0673   1.1226   0.0673  -547.184
 28  10    213.6     77.4   0.0601  60.0951   0.0010  48.0715   0.0010  -544.069
 28  11    214.6     76.4   0.0651   1.2002   0.0542   1.0894   0.0542  -537.056
 28  12    214.4     76.6   0.0498   1.2132   0.0410   1.0677   0.0410  -529.562
 28  13    216.9     74.1   0.0493   0.9247   0.0533   0.8170   0.0533  -514.575
 28  14    217.1     73.9   0.0493   0.8860   0.0556   0.7856   0.0556  -513.655
 28  15    218.3     72.7   0.0335   1.1040   0.0303   0.9022   0.0303  -509.635
 28  16    218.0     73.0   0.0288   0.9068   0.0317   0.7472   0.0317  -496.150
 28  17    218.5     72.5   0.0287   0.8071   0.0356   0.6678   0.0356  -490.712
 28  18    219.7     71.3   0.0189   0.7783   0.0243   0.6147   0.0243  -489.716
 28  19    216.1     74.9   0.0291   0.5484   0.0531   0.4886   0.0531  -492.724
 28  20    216.1     74.9   0.0291   0.5484   0.0531   0.4886   0.0531  -492.724
 28  21    215.7     75.3   0.0292   0.5704   0.0512   0.5080   0.0512  -496.589
 28  22    216.6     74.4   0.0190   0.8677   0.0219   0.7083   0.0219  -493.477
 28  23    217.6     73.4   0.0290   0.6333   0.0457   0.5444   0.0457  -496.674
 28  24    218.4     72.6   0.0094   0.4193   0.0224   0.3350   0.0224  -460.965
 28  25    216.7     74.3   0.0191   0.4120   0.0463   0.3584   0.0463  -471.108
 28  26    217.7     73.3   0.0142   0.7559   0.0188   0.6033   0.0188  -485.477
 28  27    214.8     76.2   0.0048   0.2390   0.0199   0.1982   0.0199  -442.092
 29   1    225.2     65.8   0.2478  11.2650   0.0220   8.2148   0.0220  -621.723
 29   2    223.7     67.3   0.2487  26.4655   0.0094  18.9291   0.0094  -625.774
 29   3    226.3     64.7   0.2476   5.0988   0.0486   3.9808   0.0486  -621.859
 29   4    224.6     66.4   0.2492   5.3694   0.0464   4.2544   0.0464  -623.307
 29   5    222.9     68.1   0.2496  24.7263   0.0101  17.9429   0.0101  -628.004
 29   6    224.3     66.7   0.2570  71.8433   0.0036  50.0000   0.0036  -628.451
 29   7    221.8     69.2   0.2732   4.0858   0.0669   3.5380   0.0669  -636.028
 29   8    222.1     68.9   0.2893   3.0853   0.0938   2.8551   0.0938  -640.910
 29   9    219.6     71.4   0.1074  17.4383   0.0062  13.0737   0.0062  -563.470
 29  10    218.4     72.6   0.0922   3.4601   0.0266   2.7986   0.0266  -555.060
 29  11    219.3     71.7   0.0962   2.3408   0.0411   1.9490   0.0411  -556.086
 29  12    218.8     72.2   0.0963   2.4363   0.0395   2.0319   0.0395  -552.168
 29  13    221.5     69.5   0.1013   3.1763   0.0319   2.5086   0.0319  -550.980
 29  14    221.7     69.3   0.1012   3.1081   0.0326   2.4523   0.0326  -550.673
 29  15    222.7     68.3   0.0678  48.2330   0.0014  34.1366   0.0014  -530.148
 29  16    222.6     68.4   0.0891   2.1390   0.0416   1.7130   0.0416  -543.857
 29  17    223.1     67.9   0.0886   2.1472   0.0413   1.7066   0.0413  -539.407
 29  18    224.4     66.6   0.0883   1.5962   0.0553   1.2997   0.0553  -536.615
 29  19    220.5     70.5   0.0633   2.3647   0.0268   1.8619   0.0268  -532.085
 29  20    220.5     70.5   0.0633   2.3647   0.0268   1.8619   0.0268  -532.085
 29  21    220.2     70.8   0.0634   1.6458   0.0385   1.3454   0.0385  -528.781
 29  22    220.9     70.1   0.0848   3.6065   0.0235   2.8010   0.0235  -545.458
 29  23    222.2     68.8   0.0634   2.8881   0.0220   2.1925   0.0220  -531.200
 29  24    223.0     68.0   0.0783   2.7853   0.0281   2.1338   0.0281  -534.072
 29  25    221.0     70.0   0.0789  24.3784   0.0032  17.7623   0.0032  -538.024
 29  26    222.0     69.0   0.0732   2.1114   0.0346   1.6694   0.0346  -530.884
 29  27    219.1     71.9   0.0794   2.1904   0.0362   1.8022   0.0362  -542.196
 29  28    218.0     73.0   0.0857   2.3071   0.0372   1.9297   0.0372  -552.527
 30   1    226.3     64.7   0.2592   2.1797   0.1189   2.0595   0.1189  -619.876
 30   2    223.9     67.1   0.2572   3.5632   0.0722   3.0592   0.0722  -627.617
 30   3    228.4     62.6   0.2511  12.3473   0.0203   8.5571   0.0203  -622.196
 30   4    224.4     66.6   0.2549  26.2735   0.0097  18.6310   0.0097  -626.521
 30   5    223.0     68.0   0.2578   4.1137   0.0627   3.4759   0.0627  -630.209
 30   6    225.5     65.5   0.2628  73.1327   0.0036  50.0000   0.0036  -630.123
 30   7    222.9     68.1   0.2831   2.4488   0.1156   2.3697   0.1156  -635.015
 30   8    224.1     66.9   0.2947   2.8209   0.1045   2.6271   0.1045  -639.335
 30   9    220.0     71.0   0.1066   3.3547   0.0318   2.6988   0.0318  -561.544
 30  10    220.1     70.9   0.0907   6.2988   0.0144   4.8081   0.0144  -553.378
 30  11    220.5     70.5   0.0957   4.4080   0.0217   3.4209   0.0217  -555.680
 30  12    219.4     71.6   0.0905   4.0145   0.0225   3.1670   0.0225  -550.520
 30  13    222.5     68.5   0.1002   2.5646   0.0391   2.0419   0.0391  -548.782
 30  14    222.8     68.2   0.1001   2.7772   0.0360   2.1815   0.0360  -548.416
 30  15    222.8     68.2   0.0524   2.5860   0.0203   1.9382   0.0203  -518.663
 30  16    224.1     66.9   0.0831   3.8501   0.0216   2.8479   0.0216  -540.124
 30  17    224.3     66.7   0.0828   3.7692   0.0220   2.7820   0.0220  -536.684
 30  18    226.5     64.5   0.0822   2.0938   0.0392   1.5847   0.0392  -532.322
 30  19    221.5     69.5   0.0680  18.6509   0.0036  13.5263   0.0036  -535.824
 30  20    221.5     69.5   0.0680  18.6509   0.0036  13.5263   0.0036  -535.824
 30  21    221.5     69.5   0.0578  21.0890   0.0027  15.2393   0.0027  -529.343
 30  22    221.3     69.7   0.0791   1.9474   0.0406   1.5791   0.0406  -536.836
 30  23    224.5     66.5   0.0732  16.8007   0.0044  11.6881   0.0044  -536.882
 30  24    224.3     66.7   0.0728   5.8143   0.0125   4.1670   0.0125  -529.808
 30  25    221.5     69.5   0.0628   3.0311   0.0207   2.3163   0.0207  -525.833
 30  26    222.4     68.6   0.0679   4.5088   0.0151   3.3462   0.0151  -528.273
 30  27    219.5     71.5   0.0741   6.6749   0.0111   5.0856   0.0111  -541.004
 30  28    219.0     72.0   0.0801   2.6974   0.0297   2.1836   0.0297  -548.042
 30  29    223.5     67.5   0.0137   1.0189   0.0135   0.7408   0.0135  -478.095
 31   1    224.9     66.1   0.2533   3.6059   0.0703   3.0461   0.0703  -622.395
 31   2    224.7     66.3   0.2514   3.7119   0.0677   3.1210   0.0677  -625.167
 31   3    224.2     66.8   0.2522   4.3591   0.0578   3.5850   0.0578  -625.581
 31   4    225.9     65.1   0.2495  16.6393   0.0150  11.7429   0.0150  -622.170
 31   5    223.8     67.2   0.2520   3.9663   0.0635   3.3299   0.0635  -627.548
 31   6    223.8     67.2   0.2519  71.3090   0.0035  50.0000   0.0035  -627.719
 31   7    221.3     69.7   0.2607   3.1371   0.0831   2.8502   0.0831  -632.744
 31   8    220.0     71.0   0.2712  21.1880   0.0128  16.1307   0.0128  -640.535
 31   9    220.2     70.8   0.0741   4.2313   0.0175   3.2561   0.0175  -542.871
 31  10    217.0     74.0   0.0699   5.5438   0.0126   4.3879   0.0126  -545.031
 31  11    218.3     72.7   0.0744   1.8343   0.0406   1.5413   0.0406  -540.179
 31  12    218.8     72.2   0.0587   1.3751   0.0427   1.1562   0.0427  -524.741
 31  13    221.1     69.9   0.0684   1.7003   0.0402   1.3816   0.0402  -528.220
 31  14    221.1     69.9   0.0683   1.7746   0.0385   1.4346   0.0385  -528.403
 31  15    223.6     67.4   0.0419   1.8565   0.0226   1.3866   0.0226  -507.481
 31  16    221.7     69.3   0.0729   2.0351   0.0358   1.6197   0.0358  -533.341
 31  17    222.6     68.4   0.0726   2.0009   0.0363   1.5774   0.0363  -528.764
 31  18    222.7     68.3   0.0521   1.4513   0.0359   1.1410   0.0359  -512.479
 31  19    220.4     70.6   0.0478  18.7906   0.0025  13.7841   0.0025  -523.532
 31  20    220.4     70.6   0.0478  18.7906   0.0025  13.7841   0.0025  -523.532
 31  21    219.5     71.5   0.0480   2.9234   0.0164   2.2632   0.0164  -524.387
 31  22    221.4     69.6   0.0576   1.1315   0.0509   0.9430   0.0509  -515.997
 31  23    220.0     71.0   0.0531   2.0006   0.0266   1.5854   0.0266  -525.531
 31  24    222.2     68.8   0.0523   1.4812   0.0353   1.1708   0.0353  -512.927
 31  25    221.4     69.6   0.0524   1.4365   0.0365   1.1504   0.0365  -513.309
 31  26    222.5     68.5   0.0472   1.6625   0.0284   1.2821   0.0284  -510.190
 31  27    219.8     71.2   0.0529   2.6321   0.0201   2.0519   0.0201  -525.325
 31  28    217.9     73.1   0.0587   1.9384   0.0303   1.5925   0.0303  -533.566
 31  29    222.0     69.0   0.0424   1.4843   0.0286   1.1535   0.0286  -507.655
 31  30    221.9     69.1   0.0375   1.4033   0.0268   1.0850   0.0268  -503.468
 32   1    225.4     65.6   0.2324   2.1860   0.1063   2.0190   0.1063  -613.028
 32   2    224.0     67.0   0.2289   8.0502   0.0284   6.0922   0.0284  -619.394
 32   3    226.3     64.7   0.2297   2.9973   0.0766   2.5357   0.0766  -614.850
 32   4    224.8     66.2   0.2287  19.7626   0.0116  14.0114   0.0116  -616.993
 32   5    223.1     67.9   0.2297   7.1991   0.0319   5.5677   0.0319  -621.498
 32   6    224.5     66.5   0.2380  72.0885   0.0033  50.0000   0.0033  -622.362
 32   7    221.9     69.1   0.2521   3.7614   0.0670   3.2549   0.0670  -629.088
 32   8    222.0     69.0   0.2615   9.9027   0.0264   7.6383   0.0264  -636.015
 32   9    219.9     71.1   0.0847   6.0896   0.0139   4.6568   0.0139  -551.872
 32  10    218.5     72.5   0.0691  66.7015   0.0010  50.0000   0.0010  -544.856
 32  11    219.4     71.6   0.0849   4.2811   0.0198   3.3527   0.0198  -553.026
 32  12    219.0     72.0   0.0691   2.4390   0.0283   1.9674   0.0283  -540.925
 32  13    221.6     69.4   0.0788   2.9373   0.0268   2.2815   0.0268  -539.345
 32  14    221.8     69.2   0.0787   2.8776   0.0274   2.2323   0.0274  -539.042
 32  15    222.9     68.1   0.0423   2.3641   0.0179   1.7559   0.0179  -511.554
 32  16    222.8     68.2   0.0625   3.8375   0.0163   2.8430   0.0163  -530.081
 32  17    223.3     67.7   0.0622   2.6146   0.0238   1.9686   0.0238  -525.901
 32  18    224.5     66.5   0.0520   1.8604   0.0280   1.3950   0.0280  -512.826
 32  19    220.7     70.3   0.0378  10.2016   0.0037   7.4764   0.0037  -515.509
 32  20    220.7     70.3   0.0378  10.2016   0.0037   7.4764   0.0037  -515.509
 32  21    220.4     70.6   0.0379   3.5703   0.0106   2.6861   0.0106  -515.697
 32  22    221.1     69.9   0.0584   1.7747   0.0329   1.4119   0.0329  -530.261
 32  23    222.3     68.7   0.0530   1.6351   0.0324   1.2795   0.0324  -522.364
 32  24    223.1     67.9   0.0424   3.8487   0.0110   2.7932   0.0110  -511.149
 32  25    221.2     69.8   0.0427   2.0318   0.0210   1.5594   0.0210  -511.445
 32  26    222.2     68.8   0.0376   4.6792   0.0080   3.4063   0.0080  -507.594
 32  27    219.4     71.6   0.0431   3.5678   0.0121   2.7314   0.0121  -519.767
 32  28    218.2     72.8   0.0487   4.4953   0.0108   3.4813   0.0108  -529.779
 32  29    222.5     68.5   0.0425   1.4785   0.0288   1.1418   0.0288  -509.169
 32  30    223.6     67.4   0.0375   1.5856   0.0236   1.1883   0.0236  -505.872
 32  31    222.2     68.8   0.0184   1.0159   0.0181   0.7627   0.0181  -483.252
 33   1    225.6     65.4   0.2531   3.4968   0.0724   2.9461   0.0724  -618.304
 33   2    224.8     66.2   0.2515   4.2459   0.0592   3.4814   0.0592  -622.264
 33   3    225.5     65.5   0.2521   4.2913   0.0587   3.4840   0.0587  -621.114
 33   4    225.9     65.1   0.2488  29.3985   0.0085  20.2970   0.0085  -619.353
 33   5    223.9     67.1   0.2526   4.1813   0.0604   3.4758   0.0604  -624.641
 33   6    224.5     66.5   0.2622   4.4882   0.0584   3.6835   0.0584  -626.910
 33   7    222.0     69.0   0.2798   2.5602   0.1093   2.4624   0.1093  -632.871
 33   8    221.3     69.7   0.2946   2.3888   0.1233   2.3876   0.1233  -639.006
 33   9    220.6     70.4   0.0964   6.5831   0.0146   4.9996   0.0146  -555.404
 33  10    218.0     73.0   0.0860  66.2228   0.0013  50.0000   0.0013  -552.837
 33  11    219.3     71.7   0.1017   3.6664   0.0277   2.9395   0.0277  -559.671
 33  12    219.2     71.8   0.0855   2.1248   0.0402   1.7658   0.0402  -546.267
 33  13    221.8     69.2   0.0953   2.3434   0.0407   1.8897   0.0407  -544.374
 33  14    221.9     69.1   0.0952   2.4588   0.0387   1.9693   0.0387  -544.348
 33  15    223.8     67.2   0.0589   1.7872   0.0330   1.3737   0.0330  -516.968
 33  16    222.6     68.4   0.0782   2.0649   0.0379   1.6354   0.0379  -532.847
 33  17    223.4     67.6   0.0779   1.8765   0.0415   1.4873   0.0415  -527.764
 33  18    223.9     67.1   0.0674   1.8446   0.0366   1.4311   0.0366  -522.556
 33  19    220.9     70.1   0.0529   3.2326   0.0164   2.4553   0.0164  -523.718
 33  20    220.9     70.1   0.0529   3.2326   0.0164   2.4553   0.0164  -523.718
 33  21    220.2     70.8   0.0432   2.0152   0.0214   1.5683   0.0214  -515.091
 33  22    221.7     69.3   0.0738   1.9113   0.0386   1.5346   0.0386  -535.991
 33  23    221.4     69.6   0.0686   2.3238   0.0295   1.8251   0.0295  -532.828
 33  24    223.0     68.0   0.0576   2.4314   0.0237   1.8368   0.0237  -516.571
 33  25    221.8     69.2   0.0578   2.5441   0.0227   1.9474   0.0227  -520.418
 33  26    222.9     68.1   0.0525  17.4147   0.0030  12.3546   0.0030  -514.882
 33  27    219.9     71.1   0.0583   2.9517   0.0198   2.2943   0.0198  -527.521
 33  28    218.3     72.7   0.0644   2.0842   0.0309   1.7071   0.0309  -535.962
 33  29    222.4     68.6   0.0328   0.9775   0.0336   0.7661   0.0336  -495.395
 33  30    223.0     68.0   0.0280   1.1110   0.0252   0.8437   0.0252  -492.953
 33  31    223.1     67.9   0.0326   1.1111   0.0294   0.8530   0.0294  -497.775
 33  32    222.7     68.3   0.0233   1.1068   0.0210   0.8328   0.0210  -484.800
 34   1    224.8     66.2   0.2655   4.1914   0.0633   3.4769   0.0633  -629.778
 34   2    222.4     68.6   0.2686   2.1728   0.1236   2.1520   0.1236  -633.682
 34   3    227.1     63.9   0.2622   4.9823   0.0526   3.8976   0.0526  -628.294
 34   4    222.9     68.1   0.2654  21.8383   0.0122  15.9411   0.0122  -633.851
 34   5    221.6     69.4   0.2688   2.6108   0.1030   2.4826   0.1030  -636.287
 34   6    224.1     66.9   0.2736  71.6001   0.0038  50.0000   0.0038  -636.655
 34   7    221.5     69.5   0.2917   2.6257   0.1111   2.5485   0.1111  -640.440
 34   8    222.6     68.4   0.3051   2.5936   0.1176   2.5283   0.1176  -645.335
 34   9    218.5     72.5   0.1080   3.6316   0.0297   2.9579   0.0297  -567.784
 34  10    218.7     72.3   0.0965  66.7968   0.0014  50.0000   0.0014  -562.220
 34  11    219.1     71.9   0.1018   1.7180   0.0592   1.5038   0.0592  -559.568
 34  12    218.0     73.0   0.0970   2.0970   0.0462   1.7962   0.0462  -556.923
 34  13    220.9     70.1   0.1069   2.4496   0.0436   2.0138   0.0436  -557.123
 34  14    221.3     69.7   0.1067   2.4034   0.0444   1.9708   0.0444  -556.607
 34  15    221.3     69.7   0.0704   1.5715   0.0448   1.2901   0.0448  -531.387
 34  16    222.7     68.3   0.0892   2.0282   0.0440   1.6332   0.0440  -545.652
 34  17    222.8     68.2   0.0889   2.0239   0.0439   1.6266   0.0439  -543.546
 34  18    225.1     65.9   0.0885   1.3124   0.0674   1.0977   0.0674  -535.549
 34  19    220.0     71.0   0.0742   8.4393   0.0088   6.3488   0.0088  -544.444
 34  20    220.0     71.0   0.0742   8.4393   0.0088   6.3488   0.0088  -544.444
 34  21    220.1     70.9   0.0640   1.7569   0.0364   1.4300   0.0364  -532.196
 34  22    219.9     71.1   0.0859   2.0671   0.0416   1.7108   0.0416  -550.706
 34  23    223.1     67.9   0.0794   1.8668   0.0425   1.4884   0.0425  -538.932
 34  24    222.8     68.2   0.0787   2.8613   0.0275   2.1938   0.0275  -537.933
 34  25    219.9     71.1   0.0797   1.9589   0.0407   1.6171   0.0407  -539.946
 34  26    220.8     70.2   0.0740   6.5314   0.0113   4.8979   0.0113  -538.089
 34  27    218.1     72.9   0.0803   3.4063   0.0236   2.7419   0.0236  -548.392
 34  28    217.6     73.4   0.0866   2.4196   0.0358   2.0240   0.0358  -555.360
 34  29    222.1     68.9   0.0331   1.0219   0.0324   0.8016   0.0324  -502.901
 34  30    224.0     67.0   0.0280   1.0797   0.0259   0.8098   0.0259  -495.135
 34  31    220.5     70.5   0.0431   1.2700   0.0339   1.0211   0.0339  -513.005
 34  32    222.2     68.8   0.0332   1.0763   0.0309   0.8390   0.0309  -498.922
 34  33    221.5     69.5   0.0283   0.7603   0.0372   0.6091   0.0372  -486.169
 35   1    224.7     66.3   0.2994   1.7562   0.1705   1.8937   0.1705  -633.011
 35   2    223.6     67.4   0.2930   1.6566   0.1769   1.8269   0.1769  -633.902
 35   3    225.4     65.6   0.2886   3.7858   0.0762   3.2309   0.0762  -635.796
 35   4    224.5     66.5   0.2886   1.9108   0.1511   1.9780   0.1511  -633.137
 35   5    222.7     68.3   0.2941   1.6263   0.1808   1.8208   0.1808  -635.792
 35   6    223.9     67.1   0.3009   1.7668   0.1703   1.9169   0.1703  -639.943
 35   7    221.1     69.9   0.3062   2.8774   0.1064   2.7703   0.1064  -646.027
 35   8    221.1     69.9   0.3173   1.7562   0.1807   1.9888   0.1807  -644.903
 35   9    219.4     71.6   0.1926   2.2561   0.0854   2.1005   0.0854  -598.005
 35  10    217.6     73.4   0.1947   2.2659   0.0859   2.1521   0.0859  -602.282
 35  11    218.7     72.3   0.2318   1.5699   0.1476   1.6925   0.1476  -611.972
 35  12    218.1     72.9   0.2092   3.3784   0.0619   3.0100   0.0619  -606.793
 35  13    220.8     70.2   0.2150   2.5870   0.0831   2.3611   0.0831  -598.942
 35  14    221.0     70.0   0.2149   2.5910   0.0829   2.3590   0.0829  -598.650
 35  15    222.4     68.6   0.1759   3.3363   0.0527   2.7612   0.0527  -586.012
 35  16    222.2     68.8   0.2075   3.1101   0.0667   2.6812   0.0667  -599.834
 35  17    222.7     68.3   0.2069   2.7262   0.0759   2.3948   0.0759  -595.363
 35  18    223.7     67.3   0.1914   2.8958   0.0661   2.4514   0.0661  -589.211
 35  19    219.9     71.1   0.1685  12.1192   0.0139   9.2629   0.0139  -588.791
 35  20    219.9     71.1   0.1685  12.1192   0.0139   9.2629   0.0139  -588.791
 35  21    219.5     71.5   0.1690   3.2178   0.0525   2.7558   0.0525  -588.910
 35  22    220.6     70.4   0.1793   3.3867   0.0529   2.8659   0.0529  -594.432
 35  23    221.2     69.8   0.1947   3.1277   0.0623   2.6941   0.0623  -599.575
 35  24    222.3     68.7   0.1728   3.1231   0.0553   2.6086   0.0553  -582.443
 35  25    220.5     70.5   0.1769   1.8839   0.0939   1.7714   0.0939  -583.637
 35  26    221.5     69.5   0.1801   4.5603   0.0395   3.6779   0.0395  -586.952
 35  27    218.8     72.2   0.1819   3.7068   0.0491   3.1689   0.0491  -595.463
 35  28    217.6     73.4   0.1764   5.2844   0.0334   4.3939   0.0334  -599.009
 35  29    221.8     69.2   0.2301   3.9557   0.0582   3.3463   0.0582  -611.883
 35  30    222.8     68.2   0.2120   3.1616   0.0671   2.7108   0.0671  -604.147
 35  31    221.8     69.2   0.2073   2.6393   0.0785   2.3580   0.0785  -603.407
 35  32    222.0     69.0   0.1867   9.9089   0.0188   7.4749   0.0188  -597.342
 35  33    222.1     68.9   0.1995   4.7241   0.0422   3.8116   0.0422  -598.574
 35  34    221.3     69.7   0.2079   3.3390   0.0623   2.8724   0.0623  -607.532
 36   1    228.1     62.9   0.2567  76.2217   0.0034  50.0000   0.0034  -624.548
 36   2    227.0     64.0   0.2602   3.4980   0.0744   2.9174   0.0744  -627.447
 36   3    228.0     63.0   0.2621   2.2486   0.1165   2.0771   0.1165  -623.643
 36   4    228.2     62.8   0.2599   3.6956   0.0703   3.0046   0.0703  -624.653
 36   5    226.0     65.0   0.2610   3.3476   0.0780   2.8500   0.0780  -630.062
 36   6    226.9     64.1   0.2670  74.7310   0.0036  50.0000   0.0036  -631.879
 36   7    224.0     67.0   0.2819   2.5525   0.1104   2.4128   0.1104  -635.422
 36   8    223.7     67.3   0.2862   3.8253   0.0748   3.3158   0.0748  -640.433
 36   9    222.8     68.2   0.1909  11.5135   0.0166   8.5345   0.0166  -604.249
 36  10    220.6     70.4   0.2151   3.1558   0.0682   2.7787   0.0682  -613.076
 36  11    221.7     69.3   0.2270   2.1373   0.1062   2.0466   0.1062  -615.512
 36  12    221.3     69.7   0.2222   2.4341   0.0913   2.2554   0.0913  -615.772
 36  13    224.4     66.6   0.2189   2.2726   0.0963   2.0679   0.0963  -603.021
 36  14    224.5     66.5   0.2188   2.2708   0.0964   2.0636   0.0964  -602.756
 36  15    226.3     64.7   0.1925   3.1675   0.0608   2.5605   0.0608  -594.733
 36  16    225.3     65.7   0.1977   2.5590   0.0773   2.1932   0.0773  -595.105
 36  17    226.1     64.9   0.1968   2.4210   0.0813   2.0790   0.0813  -589.158
 36  18    226.7     64.3   0.2042   2.3342   0.0875   2.0246   0.0875  -594.749
 36  19    223.5     67.5   0.1864   3.7048   0.0503   3.0092   0.0503  -595.763
 36  20    223.5     67.5   0.1864   3.7048   0.0503   3.0092   0.0503  -595.763
 36  21    222.7     68.3   0.1738   4.3727   0.0397   3.4766   0.0397  -593.051
 36  22    224.0     67.0   0.1906   8.8234   0.0216   6.5334   0.0216  -601.321
 36  23    223.7     67.3   0.2201   3.1730   0.0694   2.7084   0.0694  -612.423
 36  24    225.5     65.5   0.1908   3.1196   0.0612   2.5502   0.0612  -590.368
 36  25    224.0     67.0   0.1989   2.0435   0.0973   1.8706   0.0973  -594.479
 36  26    225.1     65.9   0.1978   2.5591   0.0773   2.1966   0.0773  -591.284
 36  27    222.2     68.8   0.1995   4.2416   0.0470   3.4651   0.0470  -605.918
 36  28    220.7     70.3   0.1949   3.9550   0.0493   3.3115   0.0493  -609.339
 36  29    224.9     66.1   0.2146   2.9960   0.0716   2.5404   0.0716  -606.616
 36  30    225.4     65.6   0.1976  15.3010   0.0129  10.8133   0.0129  -603.298
 36  31    225.1     65.9   0.2015   2.6501   0.0760   2.2685   0.0760  -601.207
 36  32    225.0     66.0   0.1837   3.0490   0.0603   2.5014   0.0603  -596.032
 36  33    225.5     65.5   0.1812   2.6658   0.0680   2.2204   0.0680  -591.036
 36  34    223.8     67.2   0.1894   2.3585   0.0803   2.0704   0.0803  -602.794
 36  35    224.4     66.6   0.1636   3.5274   0.0464   2.8020   0.0464  -587.782
 37   1    227.5     63.5   0.2559  75.4104   0.0034  50.0000   0.0034  -627.615
 37   2    226.7     64.3   0.2589   3.7307   0.0694   3.0767   0.0694  -629.943
 37   3    226.5     64.5   0.2619   3.1970   0.0819   2.7369   0.0819  -629.882
 37   4    228.2     62.8   0.2555  26.5014   0.0096  17.7715   0.0096  -627.055
 37   5    225.8     65.2   0.2596   3.8643   0.0672   3.2024   0.0672  -632.463
 37   6    226.1     64.9   0.2673  73.8234   0.0036  50.0000   0.0036  -634.758
 37   7    223.1     67.9   0.2759   3.6796   0.0750   3.2103   0.0750  -639.869
 37   8    222.1     68.9   0.2869   4.2176   0.0680   3.6518   0.0680  -644.015
 37   9    222.4     68.6   0.1851   9.6288   0.0192   7.2390   0.0192  -605.912
 37  10    219.4     71.6   0.2232   3.2951   0.0677   2.9357   0.0677  -620.784
 37  11    220.6     70.4   0.2357   2.1568   0.1093   2.1013   0.1093  -624.254
 37  12    220.6     70.4   0.2153   4.7096   0.0457   3.9076   0.0457  -619.479
 37  13    223.5     67.5   0.2130   2.7726   0.0768   2.4190   0.0768  -608.709
 37  14    223.6     67.4   0.2130   2.7661   0.0770   2.4129   0.0770  -608.563
 37  15    226.1     64.9   0.1876   2.5479   0.0736   2.1409   0.0736  -596.310
 37  16    224.3     66.7   0.1932   1.8987   0.1018   1.7521   0.1018  -596.631
 37  17    225.3     65.7   0.1924   1.7755   0.1083   1.6500   0.1083  -591.711
 37  18    225.4     65.6   0.1975  11.9931   0.0165   8.5679   0.0165  -602.397
 37  19    222.8     68.2   0.1816   2.4562   0.0739   2.1447   0.0739  -596.498
 37  20    222.8     68.2   0.1816   2.4562   0.0739   2.1447   0.0739  -596.498
 37  21    221.8     69.2   0.1807   6.0274   0.0300   4.7132   0.0300  -601.514
 37  22    223.6     67.4   0.1850   4.3364   0.0427   3.4406   0.0427  -603.621
 37  23    222.1     68.9   0.2160   2.4674   0.0875   2.2471   0.0875  -614.631
 37  24    224.5     66.5   0.1863   2.0340   0.0916   1.8261   0.0916  -592.439
 37  25    223.4     67.6   0.1937   1.8334   0.1056   1.7237   0.1056  -597.917
 37  26    224.6     66.4   0.1921   3.1994   0.0600   2.6336   0.0600  -597.315
 37  27    221.8     69.2   0.1934   4.1580   0.0465   3.4104   0.0465  -608.462
 37  28    220.0     71.0   0.1899   2.5913   0.0733   2.3285   0.0733  -610.299
 37  29    224.0     67.0   0.2355   8.0789   0.0291   6.1216   0.0291  -621.391
 37  30    224.0     67.0   0.2201  13.1107   0.0168   9.5617   0.0168  -617.305
 37  31    224.8     66.2   0.2058   3.9536   0.0520   3.1752   0.0520  -608.914
 37  32    224.2     66.8   0.1854  71.9568   0.0026  50.0000   0.0026  -604.940
 37  33    225.1     65.9   0.2013   3.6088   0.0558   2.9182   0.0558  -605.559
 37  34    222.5     68.5   0.2100   4.4266   0.0474   3.6094   0.0474  -618.206
 37  35    223.6     67.4   0.1575  10.9273   0.0144   7.9596   0.0144  -591.207
 37  36    227.0     64.0   0.0225   0.3892   0.0578   0.3093   0.0578  -454.226
 38   1    227.7     63.3   0.2259   9.2045   0.0245   6.5345   0.0245  -624.838
 38   2    223.8     67.2   0.2312   5.7747   0.0400   4.5360   0.0400  -631.835
 38   3    231.2     59.8   0.2216  11.4496   0.0194   7.5854   0.0194  -620.665
 38   4    223.9     67.1   0.2317   6.6028   0.0351   5.1011   0.0351  -630.343
 38   5    222.9     68.1   0.2318   5.9918   0.0387   4.7393   0.0387  -633.721
 38   6    226.9     64.1   0.2371   4.7904   0.0495   3.7185   0.0495  -630.297
 38   7    224.0     67.0   0.2543   8.3503   0.0305   6.3512   0.0305  -639.693
 38   8    226.5     64.5   0.2709   6.3424   0.0427   4.8509   0.0427  -640.744
 38   9    219.8     71.2   0.1411  13.3880   0.0105  10.1517   0.0105  -591.744
 38  10    222.3     68.7   0.1513  16.4390   0.0092  11.9870   0.0092  -592.333
 38  11    221.6     69.4   0.1717   6.1787   0.0278   4.8143   0.0278  -601.530
 38  12    220.0     71.0   0.1553   3.6238   0.0428   3.0045   0.0428  -595.959
 38  13    223.6     67.4   0.1641   9.6039   0.0171   7.0536   0.0171  -594.001
 38  14    224.2     66.8   0.1638   9.3411   0.0175   6.8152   0.0175  -593.113
 38  15    222.8     68.2   0.1232   4.8585   0.0253   3.6996   0.0253  -577.132
 38  16    225.7     65.3   0.1391   3.5446   0.0392   2.7100   0.0392  -579.978
 38  17    225.7     65.3   0.1387   3.8849   0.0357   2.9394   0.0357  -578.163
 38  18    229.1     61.9   0.1370  12.9549   0.0106   8.5967   0.0106  -575.315
 38  19    222.6     68.4   0.1236   4.9471   0.0250   3.7708   0.0250  -576.668
 38  20    222.6     68.4   0.1236   4.9471   0.0250   3.7708   0.0250  -576.668
 38  21    223.2     67.8   0.1231   6.2139   0.0198   4.6279   0.0198  -577.004
 38  22    221.5     69.5   0.1353   6.4488   0.0210   4.9287   0.0210  -587.564
 38  23    227.2     63.8   0.1513   3.0557   0.0495   2.3641   0.0495  -584.379
 38  24    225.8     65.2   0.1275   3.6349   0.0351   2.7412   0.0351  -571.802
 38  25    221.6     69.4   0.1293   5.2508   0.0246   4.0523   0.0246  -579.542
 38  26    222.5     68.5   0.1347  13.4390   0.0100   9.8003   0.0100  -581.188
 38  27    219.6     71.4   0.1368   6.1658   0.0222   4.8504   0.0222  -588.605
 38  28    219.9     71.1   0.1311   5.1954   0.0252   4.1063   0.0252  -587.287
 38  29    224.7     66.3   0.1508  19.4078   0.0078  13.6123   0.0078  -592.265
 38  30    227.5     63.5   0.1316  16.2325   0.0081  10.9355   0.0081  -579.868
 38  31    221.3     69.7   0.1473  20.2621   0.0073  14.8986   0.0073  -594.734
 38  32    224.7     66.3   0.1272   9.0149   0.0141   6.4571   0.0141  -581.979
 38  33    223.3     67.7   0.1402   4.2049   0.0333   3.2561   0.0333  -587.050
 38  34    226.2     64.8   0.1395   5.6146   0.0248   4.0734   0.0248  -586.319
 38  35    223.7     67.3   0.1347  12.6507   0.0106   9.0912   0.0106  -583.186
 38  36    225.7     65.3   0.1211  15.8300   0.0077  10.9374   0.0077  -573.996
 38  37    223.7     67.3   0.1172   8.0417   0.0146   5.8467   0.0146  -576.723
 39   1    226.5     64.5   0.2905  12.3795   0.0235   8.9069   0.0235  -639.398
 39   2    225.3     65.7   0.2947   4.2036   0.0701   3.5328   0.0701  -642.710
 39   3    226.0     65.0   0.2885  11.0714   0.0261   8.0946   0.0261  -641.786
 39   4    226.6     64.4   0.2937   3.5452   0.0828   3.0391   0.0828  -637.121
 39   5    224.3     66.7   0.2957   3.7758   0.0783   3.2790   0.0783  -644.929
 39   6    225.0     66.0   0.2961   4.7591   0.0622   3.9236   0.0622  -643.302
 39   7    222.2     68.8   0.3108   3.2569   0.0954   3.0214   0.0954  -652.083
 39   8    221.5     69.5   0.3305   2.0482   0.1614   2.2225   0.1614  -655.372
 39   9    220.6     70.4   0.2006   2.4390   0.0823   2.2261   0.0823  -605.457
 39  10    218.4     72.6   0.1946   2.6477   0.0735   2.4189   0.0735  -608.436
 39  11    219.1     71.9   0.2305   5.6898   0.0405   4.7389   0.0405  -620.874
 39  12    219.4     71.6   0.2083  16.4139   0.0127  12.5941   0.0127  -613.197
 39  13    222.3     68.7   0.2064  14.0961   0.0146  10.4537   0.0146  -605.006
 39  14    222.4     68.6   0.2063  14.4077   0.0143  10.6581   0.0143  -604.878
 39  15    224.5     66.5   0.1716   2.8647   0.0599   2.3617   0.0599  -585.878
 39  16    222.9     68.1   0.2100   3.3150   0.0633   2.8093   0.0633  -605.165
 39  17    223.9     67.1   0.2086   2.7927   0.0747   2.4125   0.0747  -600.185
 39  18    224.5     66.5   0.1873   3.1469   0.0595   2.5901   0.0595  -594.074
 39  19    221.7     69.3   0.1648   2.3030   0.0715   2.0230   0.0715  -587.608
 39  20    221.7     69.3   0.1648   2.3030   0.0715   2.0230   0.0715  -587.608
 39  21    220.8     70.2   0.1649   2.5442   0.0648   2.2163   0.0648  -589.609
 39  22    222.0     69.0   0.1957  13.2953   0.0147   9.9042   0.0147  -606.226
 39  23    221.5     69.5   0.1909   2.3504   0.0812   2.1201   0.0812  -602.769
 39  24    223.5     67.5   0.1819   2.3700   0.0767   2.0685   0.0767  -590.312
 39  25    222.2     68.8   0.1718   2.5194   0.0682   2.1816   0.0682  -589.440
 39  26    223.4     67.6   0.1758   3.7664   0.0467   3.0294   0.0467  -589.278
 39  27    220.2     70.8   0.1776   4.8144   0.0369   3.9183   0.0369  -599.562
 39  28    218.4     72.6   0.1863  14.1579   0.0132  11.0190   0.0132  -608.172
 39  29    222.7     68.3   0.2174   3.4013   0.0639   2.8930   0.0639  -611.082
 39  30    223.0     68.0   0.1997  17.3184   0.0115  12.5947   0.0115  -606.115
 39  31    223.2     67.8   0.1864  15.2994   0.0122  11.1221   0.0122  -601.737
 39  32    223.0     68.0   0.1806   4.6280   0.0390   3.6616   0.0390  -599.183
 39  33    223.7     67.3   0.1930   6.4244   0.0300   4.9011   0.0300  -600.048
 39  34    221.5     69.5   0.2021   4.0648   0.0497   3.3730   0.0497  -611.357
 39  35    222.4     68.6   0.1048  20.5909   0.0051  14.7971   0.0051  -562.459
 39  36    226.0     65.0   0.1607   3.3062   0.0486   2.5884   0.0486  -586.466
 39  37    225.7     65.3   0.1551   4.0220   0.0386   3.0698   0.0386  -588.611
 39  38    223.2     67.8   0.0946   3.4953   0.0271   2.6614   0.0271  -557.962
 40   1    227.8     63.2   0.2709   3.5760   0.0757   2.9644   0.0757  -628.476
 40   2    226.5     64.5   0.2651   7.2087   0.0368   5.4147   0.0368  -633.678
 40   3    227.9     63.1   0.2628   3.8748   0.0678   3.1374   0.0678  -631.292
 40   4    227.6     63.4   0.2642   9.3645   0.0282   6.7389   0.0282  -630.559
 40   5    225.6     65.4   0.2660   6.5307   0.0407   5.0207   0.0407  -636.138
 40   6    226.5     64.5   0.2748  23.7191   0.0116  16.4214   0.0116  -637.187
 40   7    224.2     66.8   0.2842   9.0307   0.0315   6.8797   0.0315  -645.756
 40   8    223.7     67.3   0.3187   9.1826   0.0347   7.1030   0.0347  -655.665
 40   9    222.0     69.0   0.1879   3.8232   0.0491   3.1512   0.0491  -599.758
 40  10    220.3     70.7   0.1607  48.7551   0.0033  35.8959   0.0033  -595.003
 40  11    220.9     70.1   0.1918   4.1480   0.0462   3.4349   0.0462  -606.115
 40  12    221.2     69.8   0.1592   4.7784   0.0333   3.7994   0.0333  -592.753
 40  13    223.9     67.1   0.1714   2.7459   0.0624   2.2954   0.0624  -587.167
 40  14    224.0     67.0   0.1713   2.7569   0.0621   2.2988   0.0621  -587.000
 40  15    225.5     65.5   0.1425   4.0832   0.0349   3.0879   0.0349  -572.114
 40  16    224.3     66.7   0.1686   4.0627   0.0415   3.1829   0.0415  -585.558
 40  17    225.2     65.8   0.1685   2.9606   0.0569   2.3986   0.0569  -580.665
 40  18    226.2     64.8   0.1515  30.5199   0.0050  20.7387   0.0050  -578.082
 40  19    223.2     67.8   0.1362  18.3006   0.0074  13.1086   0.0074  -574.947
 40  20    223.2     67.8   0.1362  18.3006   0.0074  13.1086   0.0074  -574.947
 40  21    222.6     68.4   0.1362  24.2728   0.0056  17.4378   0.0056  -577.050
 40  22    223.4     67.6   0.1461   8.9967   0.0162   6.6109   0.0162  -583.779
 40  23    223.7     67.3   0.1530   4.3837   0.0349   3.3923   0.0349  -586.634
 40  24    225.2     65.8   0.1346   3.5563   0.0379   2.7265   0.0379  -569.136
 40  25    223.8     67.2   0.1295   4.1965   0.0308   3.2078   0.0308  -569.267
 40  26    224.8     66.2   0.1330  16.7242   0.0080  11.7144   0.0080  -569.461
 40  27    221.7     69.3   0.1350   8.6787   0.0156   6.5126   0.0156  -578.899
 40  28    220.0     71.0   0.1371   6.5178   0.0210   5.0822   0.0210  -584.742
 40  29    224.3     66.7   0.1847   4.4963   0.0411   3.5186   0.0411  -595.763
 40  30    225.0     66.0   0.1639  23.9122   0.0069  16.6584   0.0069  -588.470
 40  31    224.6     66.4   0.1672   4.9709   0.0336   3.7911   0.0336  -588.986
 40  32    224.6     66.4   0.1500   3.6544   0.0410   2.8497   0.0410  -580.083
 40  33    225.1     65.9   0.1607   2.4869   0.0646   2.0632   0.0646  -580.139
 40  34    223.6     67.4   0.1802   3.2270   0.0558   2.6574   0.0558  -597.435
 40  35    224.2     66.8   0.1002  19.0299   0.0053  13.3361   0.0053  -559.328
 40  36    227.5     63.5   0.1623   4.1126   0.0395   3.0710   0.0395  -586.185
 40  37    227.1     63.9   0.1566   4.8992   0.0320   3.5927   0.0320  -588.540
 40  38    225.5     65.5   0.0787  14.2135   0.0055   9.7785   0.0055  -550.172
 40  39    225.4     65.6   0.0576  57.5695   0.0010  39.0497   0.0010  -527.202
 41   1    227.1     63.9   0.2625   4.1659   0.0630   3.3578   0.0630  -624.423
 41   2    225.8     65.2   0.2619   3.1110   0.0842   2.7014   0.0842  -626.744
 41   3    227.6     63.4   0.2630   2.1352   0.1232   2.0122   0.1232  -621.301
 41   4    226.8     64.2   0.2593   4.8205   0.0538   3.7978   0.0538  -625.540
 41   5    224.9     66.1   0.2629   3.0315   0.0867   2.6759   0.0867  -629.276
 41   6    226.0     65.0   0.2694   4.0518   0.0665   3.3411   0.0665  -632.231
 41   7    223.4     67.6   0.2893   6.4287   0.0450   5.1450   0.0450  -641.542
 41   8    223.3     67.7   0.3166   7.0184   0.0451   5.6277   0.0451  -648.668
 41   9    221.4     69.6   0.1700   2.7030   0.0629   2.3266   0.0629  -588.065
 41  10    219.8     71.2   0.1665  25.2370   0.0066  18.8964   0.0066  -591.835
 41  11    220.6     70.4   0.1963   2.3078   0.0851   2.1216   0.0851  -600.044
 41  12    220.3     70.7   0.1701   3.2837   0.0518   2.7791   0.0518  -591.268
 41  13    223.2     67.8   0.1756   2.2239   0.0790   1.9582   0.0790  -579.009
 41  14    223.4     67.6   0.1755   2.2365   0.0785   1.9627   0.0785  -578.801
 41  15    224.7     66.3   0.1320   3.8520   0.0343   2.9375   0.0343  -562.928
 41  16    224.3     66.7   0.1699   2.5007   0.0679   2.1134   0.0679  -579.208
 41  17    225.0     66.0   0.1694   2.1773   0.0778   1.8753   0.0778  -572.401
 41  18    226.0     65.0   0.1554   3.7102   0.0419   2.8496   0.0419  -571.902
 41  19    222.4     68.6   0.1280   2.3890   0.0536   1.9830   0.0536  -563.261
 41  20    222.4     68.6   0.1280   2.3890   0.0536   1.9830   0.0536  -563.261
 41  21    221.9     69.1   0.1281   3.7549   0.0341   2.9686   0.0341  -567.040
 41  22    222.8     68.2   0.1561   3.5449   0.0440   2.8509   0.0440  -582.159
 41  23    223.4     67.6   0.1574   1.9604   0.0803   1.7290   0.0803  -579.620
 41  24    224.7     66.3   0.1386   2.1399   0.0648   1.7839   0.0648  -559.956
 41  25    222.9     68.1   0.1345   2.0730   0.0649   1.7641   0.0649  -559.578
 41  26    224.0     67.0   0.1382   4.1694   0.0331   3.1987   0.0331  -563.424
 41  27    221.1     69.9   0.1399   3.3743   0.0415   2.7520   0.0415  -573.647
 41  28    219.7     71.3   0.1417   3.3356   0.0425   2.7743   0.0425  -580.500
 41  29    224.0     67.0   0.1734   4.5269   0.0383   3.5262   0.0383  -587.343
 41  30    224.8     66.2   0.1546   7.2901   0.0212   5.3300   0.0212  -578.831
 41  31    223.9     67.1   0.1558   3.9515   0.0394   3.0944   0.0394  -580.669
 41  32    224.1     66.9   0.1408   1.8932   0.0744   1.6303   0.0744  -570.511
 41  33    224.4     66.6   0.1494   2.7498   0.0543   2.2324   0.0543  -571.151
 41  34    223.3     67.7   0.1563   3.3421   0.0468   2.6911   0.0468  -584.061
 41  35    223.6     67.4   0.0930   2.6719   0.0348   2.0714   0.0348  -548.122
 41  36    226.8     64.2   0.1478   1.3244   0.1116   1.2227   0.1116  -564.497
 41  37    226.0     65.0   0.1423   1.5793   0.0901   1.3901   0.0901  -570.662
 41  38    225.4     65.6   0.0673   3.6878   0.0183   2.6504   0.0183  -539.358
 41  39    224.6     66.4   0.0426   3.2587   0.0131   2.3302   0.0131  -512.921
 41  40    226.1     64.9   0.0238   1.7949   0.0133   1.2561   0.0133  -490.357

