Supplemental results for CODEML (seqf: nad6.pal2nal  treef: )


pairwise comparison (Goldman & Yang 1994)
seq seq        N       S       dN       dS     dN/dS   Paras.
  2   1    340.6    115.4   0.0272   0.5859   0.0465   0.5058   0.0465  -741.812
  3   1    344.0    112.0   0.0975   2.0323   0.0480   1.7184   0.0480  -829.731
  3   2    337.4    118.6   0.0959   1.5995   0.0599   1.4613   0.0599  -842.756
  4   1    352.1    103.9   0.0875   2.2403   0.0390   1.7337   0.0390  -822.999
  4   2    344.0    112.0   0.1002   4.1933   0.0239   3.3165   0.0239  -856.592
  4   3    350.7    105.3   0.0616   0.9635   0.0639   0.8099   0.0639  -777.167
  5   1    353.5    102.5   0.0874   2.7158   0.0322   2.0341   0.0322  -818.574
  5   2    345.8    110.2   0.0999   2.2925   0.0436   1.8888   0.0436  -845.386
  5   3    351.7    104.3   0.0587   1.0093   0.0581   0.8281   0.0581  -771.143
  5   4    361.4     94.6   0.0503   1.0448   0.0482   0.7698   0.0482  -753.226
  6   1    350.5    105.5   0.0727   2.3470   0.0310   1.7969   0.0310  -805.796
  6   2    343.1    112.9   0.0771   4.5657   0.0169   3.5665   0.0169  -830.587
  6   3    348.5    107.5   0.0544   1.3036   0.0417   1.0463   0.0417  -776.528
  6   4    358.0     98.0   0.0474   1.2021   0.0394   0.8865   0.0394  -755.135
  6   5    358.9     97.1   0.0262   0.6705   0.0391   0.4902   0.0391  -709.578
  7   1    349.7    106.3   0.0712   2.3011   0.0310   1.7728   0.0310  -803.870
  7   2    342.3    113.7   0.0762   4.1196   0.0185   3.2537   0.0185  -829.000
  7   3    347.8    108.2   0.0524   1.3008   0.0403   1.0461   0.0403  -774.251
  7   4    357.3     98.7   0.0444   1.1915   0.0373   0.8782   0.0373  -751.249
  7   5    358.2     97.8   0.0233   0.6648   0.0350   0.4827   0.0350  -704.937
  7   6    354.9    101.1   0.0029   0.0000  99.0000   0.0067  99.0000  -555.037
  8   1    355.3    100.7   0.0867   2.9914   0.0290   2.1852   0.0290  -815.696
  8   2    347.9    108.1   0.0992   2.4132   0.0411   1.9431   0.0411  -840.791
  8   3    353.2    102.8   0.0617   0.9368   0.0659   0.7771   0.0659  -769.329
  8   4    362.5     93.5   0.0406   1.1896   0.0341   0.8285   0.0341  -742.931
  8   5    363.8     92.2   0.0258   0.3819   0.0677   0.2936   0.0677  -683.602
  8   6    360.4     95.6   0.0230   0.6078   0.0379   0.4367   0.0379  -701.878
  8   7    359.7     96.3   0.0201   0.6055   0.0333   0.4312   0.0333  -697.083
  9   1    340.8    115.2   0.2880  16.8491   0.0171  13.4162   0.0171  -948.942
  9   2    335.3    120.7   0.3053  62.1293   0.0049  50.0000   0.0049  -970.729
  9   3    337.7    118.3   0.3084  63.3447   0.0049  50.0000   0.0049  -958.524
  9   4    345.2    110.8   0.2933  67.6877   0.0043  50.0000   0.0043  -953.516
  9   5    346.9    109.1   0.2916  68.7321   0.0042  50.0000   0.0042  -950.975
  9   6    344.0    112.0   0.2778  67.0186   0.0041  50.0000   0.0041  -946.354
  9   7    343.3    112.7   0.2846  66.5481   0.0043  50.0000   0.0043  -948.195
  9   8    348.7    107.3   0.2903  69.8855   0.0042  50.0000   0.0042  -945.330
 10   1    330.2    125.8   0.2659   4.5580   0.0583   4.3502   0.0583  -955.797
 10   2    323.7    132.3   0.2700  56.8029   0.0048  50.0000   0.0048  -973.203
 10   3    327.8    128.2   0.2719   4.3606   0.0623   4.2632   0.0623  -954.680
 10   4    337.1    118.9   0.2703  28.8398   0.0094  23.1582   0.0094  -955.259
 10   5    337.3    118.7   0.2879   2.0468   0.1407   2.2370   0.1407  -954.364
 10   6    334.4    121.6   0.2597   2.4435   0.1063   2.5269   0.1063  -942.776
 10   7    333.5    122.5   0.2579   2.4349   0.1059   2.5274   0.1059  -941.512
 10   8    339.0    117.0   0.2750   2.7603   0.0996   2.7381   0.0996  -949.673
 10   9    324.2    131.8   0.0710  57.5037   0.0012  50.0000   0.0012  -816.729
 11   1    356.9     99.1   0.3262  36.3937   0.0090  24.4831   0.0090  -951.391
 11   2    349.3    106.7   0.3451  70.1000   0.0049  50.0000   0.0049  -976.211
 11   3    354.9    101.1   0.3495  73.9816   0.0047  50.0000   0.0047  -957.793
 11   4    364.9     91.1   0.3093  44.5397   0.0069  27.4228   0.0069  -939.719
 11   5    365.8     90.2   0.3055  83.0152   0.0037  50.0000   0.0037  -936.268
 11   6    362.5     93.5   0.3138  80.0608   0.0039  50.0000   0.0039  -941.100
 11   7    361.8     94.2   0.3100  79.4613   0.0039  50.0000   0.0039  -939.546
 11   8    366.9     89.1   0.3043  84.0527   0.0036  50.0000   0.0036  -930.832
 11   9    350.2    105.8   0.1228   6.6931   0.0183   4.9404   0.0183  -829.383
 11  10    341.3    114.7   0.1238  65.8836   0.0019  50.0000   0.0019  -850.666
 12   1    347.5    108.5   0.3050  19.4433   0.0157  14.5751   0.0157  -949.735
 12   2    339.4    116.6   0.3383  64.2192   0.0053  50.0000   0.0053  -978.623
 12   3    345.8    110.2   0.3342  32.0841   0.0104  24.0263   0.0104  -958.879
 12   4    356.5     99.5   0.3005   9.2594   0.0325   6.7658   0.0325  -939.732
 12   5    356.8     99.2   0.2990  29.0664   0.0103  19.6801   0.0103  -940.404
 12   6    353.4    102.6   0.3119  56.2970   0.0055  38.7208   0.0055  -946.093
 12   7    352.7    103.3   0.3081  56.0878   0.0055  38.8479   0.0055  -944.473
 12   8    358.0     98.0   0.3038  26.4085   0.0115  17.7452   0.0115  -938.348
 12   9    340.6    115.4   0.1046   6.1447   0.0170   4.9008   0.0170  -818.573
 12  10    331.8    124.2   0.1141  60.8647   0.0019  50.0000   0.0019  -845.385
 12  11    360.1     95.9   0.0597   0.9984   0.0598   0.7714   0.0598  -742.844
 13   1    350.0    106.0   0.2854  70.7776   0.0040  50.0000   0.0040  -935.864
 13   2    344.9    111.1   0.2887  67.5042   0.0043  50.0000   0.0043  -951.755
 13   3    346.6    109.4   0.2881  68.5777   0.0042  50.0000   0.0042  -937.269
 13   4    353.6    102.4   0.2612  73.3235   0.0036  50.0000   0.0036  -925.547
 13   5    355.9    100.1   0.2741  74.9266   0.0037  50.0000   0.0037  -930.333
 13   6    353.0    103.0   0.2711  72.8621   0.0037  50.0000   0.0037  -929.540
 13   7    352.3    103.7   0.2726  72.3302   0.0038  50.0000   0.0038  -929.358
 13   8    357.7     98.3   0.2729  76.3248   0.0036  50.0000   0.0036  -923.783
 13   9    344.7    111.3   0.0820   6.1240   0.0134   4.6688   0.0134  -789.990
 13  10    333.0    123.0   0.0722   8.5329   0.0085   7.0626   0.0085  -803.555
 13  11    358.8     97.2   0.0838   1.7298   0.0484   1.3036   0.0484  -767.727
 13  12    349.1    106.9   0.0890   2.5511   0.0349   1.9986   0.0349  -790.509
 14   1    346.9    109.1   0.2680   8.6128   0.0311   6.7911   0.0311  -930.168
 14   2    339.9    116.1   0.2884  64.6299   0.0045  50.0000   0.0045  -956.947
 14   3    344.6    111.4   0.3016  10.8695   0.0277   8.6519   0.0277  -944.877
 14   4    354.1    101.9   0.2694  73.6110   0.0037  50.0000   0.0037  -930.956
 14   5    355.1    100.9   0.2543  74.4137   0.0034  50.0000   0.0034  -922.953
 14   6    351.9    104.1   0.2703   6.0845   0.0444   4.7942   0.0444  -930.275
 14   7    351.1    104.9   0.2667   6.2624   0.0426   4.9371   0.0426  -928.492
 14   8    356.4     99.6   0.2581   5.7900   0.0446   4.3994   0.0446  -918.658
 14   9    340.7    115.3   0.0728   7.2751   0.0100   5.6830   0.0100  -785.213
 14  10    331.0    125.0   0.0723   3.9148   0.0185   3.3761   0.0185  -804.964
 14  11    358.2     97.8   0.0796   2.4742   0.0322   1.7797   0.0322  -772.780
 14  12    349.2    106.8   0.0853   5.3983   0.0158   3.9902   0.0158  -790.592
 14  13    349.4    106.6   0.0391   0.7566   0.0517   0.6204   0.0517  -713.277
 15   1    348.8    107.2   0.2724   8.9828   0.0303   6.9627   0.0303  -929.101
 15   2    341.9    114.1   0.2926  65.7522   0.0044  50.0000   0.0044  -955.860
 15   3    346.2    109.8   0.3069  10.4542   0.0294   8.2474   0.0294  -943.999
 15   4    355.4    100.6   0.2744  74.5776   0.0037  50.0000   0.0037  -930.185
 15   5    356.6     99.4   0.2669   7.0109   0.0381   5.2096   0.0381  -923.997
 15   6    353.5    102.5   0.2758   6.4132   0.0430   4.9680   0.0430  -929.198
 15   7    352.7    103.3   0.2721   6.6135   0.0411   5.1258   0.0411  -927.482
 15   8    358.0     98.0   0.2635   6.0050   0.0439   4.4913   0.0439  -917.570
 15   9    342.6    113.4   0.0761   7.9492   0.0096   6.1030   0.0096  -787.346
 15  10    332.6    123.4   0.0723   4.3536   0.0166   3.6931   0.0166  -802.066
 15  11    359.7     96.3   0.0729   2.6223   0.0278   1.8338   0.0278  -761.244
 15  12    350.6    105.4   0.0749   4.9662   0.0151   3.6179   0.0151  -777.003
 15  13    351.5    104.5   0.0390   0.7032   0.0555   0.5737   0.0555  -705.639
 15  14    349.4    106.6   0.0117   0.0309   0.3781   0.0486   0.3781  -575.091
 16   1    344.6    111.4   0.2837   9.7213   0.0292   7.7706   0.0292  -941.464
 16   2    336.5    119.5   0.3044  62.7484   0.0049  50.0000   0.0049  -968.388
 16   3    342.9    113.1   0.2974  66.2666   0.0045  50.0000   0.0045  -947.768
 16   4    353.5    102.5   0.2905  73.1643   0.0040  50.0000   0.0040  -940.050
 16   5    353.5    102.5   0.2803  73.1897   0.0038  50.0000   0.0038  -933.777
 16   6    350.3    105.7   0.2791   3.0174   0.0925   2.7424   0.0925  -930.955
 16   7    349.5    106.5   0.2812   3.0636   0.0918   2.7931   0.0918  -931.375
 16   8    354.7    101.3   0.2799   8.7114   0.0321   6.4585   0.0321  -929.894
 16   9    338.0    118.0   0.0839   6.5683   0.0128   5.2861   0.0128  -803.191
 16  10    329.4    126.6   0.0654   2.1812   0.0300   1.9585   0.0300  -799.467
 16  11    357.2     98.8   0.0905   2.2893   0.0395   1.7002   0.0395  -784.114
 16  12    348.4    107.6   0.0924   3.7804   0.0244   2.8881   0.0244  -797.274
 16  13    346.3    109.7   0.0688   1.1634   0.0591   0.9961   0.0591  -763.105
 16  14    346.4    109.6   0.0654   5.1051   0.0128   3.8292   0.0128  -767.138
 16  15    347.8    108.2   0.0554   5.9569   0.0093   4.3676   0.0093  -751.926
 17   1    350.1    105.9   0.2882  53.6950   0.0054  38.0686   0.0054  -950.004
 17   2    343.3    112.7   0.3211  66.4369   0.0048  50.0000   0.0048  -976.530
 17   3    347.7    108.3   0.3106   7.8640   0.0395   6.3149   0.0395  -954.588
 17   4    356.9     99.1   0.2757  36.1681   0.0076  24.2236   0.0076  -938.396
 17   5    358.2     97.8   0.2849  76.6810   0.0037  50.0000   0.0037  -942.798
 17   6    355.0    101.0   0.2940   9.0893   0.0323   6.7275   0.0323  -947.982
 17   7    354.2    101.8   0.2899   9.0988   0.0319   6.7677   0.0319  -945.811
 17   8    359.7     96.3   0.2853  77.8290   0.0037  50.0000   0.0037  -938.993
 17   9    343.6    112.4   0.1108  16.3427   0.0068  12.3342   0.0068  -830.609
 17  10    333.5    122.5   0.1005   3.5303   0.0285   3.0646   0.0285  -835.949
 17  11    361.1     94.9   0.0723   1.1085   0.0652   0.8636   0.0652  -768.065
 17  12    351.9    104.1   0.0607   1.1119   0.0545   0.9019   0.0545  -761.300
 17  13    352.6    103.4   0.0779   1.6067   0.0485   1.2733   0.0485  -774.293
 17  14    350.7    105.3   0.0809   2.8745   0.0282   2.1785   0.0282  -788.161
 17  15    352.4    103.6   0.0706   2.4151   0.0292   1.8101   0.0292  -773.662
 17  16    348.8    107.2   0.0680   4.0009   0.0170   2.9768   0.0170  -780.579
 18   1    351.5    104.5   0.2941  22.9824   0.0128  16.4813   0.0128  -956.545
 18   2    345.8    110.2   0.3126  67.9581   0.0046  50.0000   0.0046  -975.094
 18   3    348.5    107.5   0.3143  10.2207   0.0307   7.9512   0.0307  -962.608
 18   4    356.3     99.7   0.2839   8.0030   0.0355   5.9137   0.0355  -948.733
 18   5    358.4     97.6   0.2768  76.8841   0.0036  50.0000   0.0036  -946.240
 18   6    355.3    100.7   0.2891  74.4785   0.0039  50.0000   0.0039  -951.497
 18   7    354.6    101.4   0.2851  73.9477   0.0039  50.0000   0.0039  -949.351
 18   8    360.1     95.9   0.2730  10.7369   0.0254   7.4200   0.0254  -938.858
 18   9    345.4    110.6   0.1148  10.2176   0.0112   7.6973   0.0112  -839.615
 18  10    334.3    121.7   0.0978   8.0424   0.0122   6.6564   0.0122  -842.156
 18  11    361.0     95.0   0.0758   1.1058   0.0686   0.8709   0.0686  -772.389
 18  12    351.5    104.5   0.0679   1.3251   0.0512   1.0676   0.0512  -779.274
 18  13    354.8    101.2   0.0674   2.7476   0.0245   1.9861   0.0245  -773.050
 18  14    351.1    104.9   0.0717   5.2151   0.0138   3.7641   0.0138  -787.733
 18  15    353.1    102.9   0.0681   5.4494   0.0125   3.8486   0.0125  -778.826
 18  16    348.3    107.7   0.0719   3.8594   0.0186   2.8999   0.0186  -792.452
 18  17    354.7    101.3   0.0322   0.8340   0.0386   0.6311   0.0386  -722.430
 19   1    350.4    105.6   0.2743  20.4578   0.0134  14.8413   0.0134  -934.276
 19   2    342.8    113.2   0.3058  66.2401   0.0046  50.0000   0.0046  -963.164
 19   3    348.3    107.7   0.3011  16.7586   0.0180  12.5599   0.0180  -943.075
 19   4    358.4     97.6   0.2702   6.8481   0.0395   5.0333   0.0395  -924.703
 19   5    359.4     96.6   0.2702  41.5333   0.0065  27.0331   0.0065  -926.261
 19   6    356.0    100.0   0.2784  58.2627   0.0048  38.9705   0.0048  -930.815
 19   7    355.3    100.7   0.2745  59.9698   0.0046  40.3741   0.0046  -928.488
 19   8    360.7     95.3   0.2661  11.9982   0.0222   8.1556   0.0222  -920.158
 19   9    343.6    112.4   0.0895  10.3673   0.0086   7.8686   0.0086  -801.595
 19  10    334.2    121.8   0.0794   9.2732   0.0086   7.6075   0.0086  -810.534
 19  11    362.3     93.7   0.0627   0.6204   0.1011   0.5321   0.1011  -725.853
 19  12    353.3    102.7   0.0415   0.9870   0.0421   0.7632   0.0421  -722.535
 19  13    352.4    103.6   0.0681   1.1521   0.0591   0.9434   0.0591  -750.244
 19  14    351.5    104.5   0.0641   1.7754   0.0361   1.3687   0.0361  -758.359
 19  15    353.1    102.9   0.0543   1.7656   0.0307   1.3216   0.0307  -743.274
 19  16    350.2    105.8   0.0578   1.7237   0.0336   1.3327   0.0336  -751.485
 19  17    354.6    101.4   0.0172   0.7047   0.0245   0.5102   0.0245  -688.055
 19  18    354.8    101.2   0.0292   0.8054   0.0363   0.6042   0.0363  -707.273
 20   1    344.7    111.3   0.2914   5.0036   0.0582   4.3254   0.0582  -951.960
 20   2    337.4    118.6   0.3206  57.9809   0.0055  45.9438   0.0055  -980.767
 20   3    342.5    113.5   0.3177   7.0382   0.0451   5.9705   0.0451  -962.686
 20   4    352.5    103.5   0.2850   5.0224   0.0567   4.0801   0.0567  -944.067
 20   5    353.2    102.8   0.2808  24.2360   0.0116  17.0363   0.0116  -946.774
 20   6    350.0    106.0   0.2925   6.1163   0.0478   4.9408   0.0478  -951.150
 20   7    349.2    106.8   0.2885   6.1012   0.0473   4.9499   0.0473  -948.917
 20   8    354.5    101.5   0.2743   9.7810   0.0280   7.1693   0.0280  -939.164
 20   9    337.9    118.1   0.0906   8.3302   0.0109   6.6734   0.0109  -816.143
 20  10    328.7    127.3   0.0874   5.1854   0.0169   4.5334   0.0169  -831.169
 20  11    356.3     99.7   0.0633   1.0894   0.0581   0.8629   0.0581  -765.038
 20  12    347.3    108.7   0.0486   1.4343   0.0339   1.1367   0.0339  -750.209
 20  13    346.6    109.4   0.0687   3.0226   0.0227   2.3312   0.0227  -780.834
 20  14    345.6    110.4   0.0651   2.0353   0.0320   1.6261   0.0320  -777.624
 20  15    347.2    108.8   0.0552   2.9756   0.0185   2.2568   0.0185  -764.305
 20  16    344.4    111.6   0.0587   1.5383   0.0382   1.2627   0.0382  -772.317
 20  17    348.6    107.4   0.0205   0.9242   0.0222   0.6998   0.0222  -716.306
 20  18    348.9    107.1   0.0235   0.8857   0.0266   0.6781   0.0266  -722.282
 20  19    349.7    106.3   0.0116   0.5586   0.0208   0.4174   0.0208  -677.235
 21   1    344.3    111.7   0.2717  18.3670   0.0148  14.1186   0.0148  -930.541
 21   2    338.5    117.5   0.2861  63.8829   0.0045  50.0000   0.0045  -952.426
 21   3    341.1    114.9   0.2914  57.9121   0.0050  44.4429   0.0050  -941.084
 21   4    348.6    107.4   0.2789   7.7357   0.0361   6.1045   0.0361  -932.663
 21   5    350.7    105.3   0.2713  71.2531   0.0038  50.0000   0.0038  -927.858
 21   6    347.7    108.3   0.2678  69.3008   0.0039  50.0000   0.0039  -927.225
 21   7    346.9    109.1   0.2697  68.8064   0.0039  50.0000   0.0039  -927.466
 21   8    352.7    103.3   0.2700  72.6569   0.0037  50.0000   0.0037  -922.631
 21   9    338.7    117.3   0.0558   2.5404   0.0220   2.0842   0.0220  -764.493
 21  10    326.7    129.3   0.0622   2.0617   0.0302   1.8880   0.0302  -796.244
 21  11    353.9    102.1   0.0839   1.5080   0.0556   1.2080   0.0556  -774.816
 21  12    343.9    112.1   0.0756   1.8518   0.0408   1.5371   0.0408  -772.877
 21  13    348.4    107.6   0.0580   0.8009   0.0724   0.6999   0.0724  -736.015
 21  14    344.1    111.9   0.0556   1.4547   0.0382   1.1967   0.0382  -751.466
 21  15    346.1    109.9   0.0527   1.5429   0.0341   1.2354   0.0341  -744.854
 21  16    340.9    115.1   0.0429   1.6554   0.0259   1.3497   0.0259  -742.843
 21  17    347.3    108.7   0.0776   0.9912   0.0783   0.8859   0.0783  -778.584
 21  18    349.4    106.6   0.0742   1.0587   0.0701   0.9131   0.0701  -777.488
 21  19    347.4    108.6   0.0611   1.3747   0.0444   1.1222   0.0444  -750.052
 21  20    341.3    114.7   0.0556   2.0144   0.0276   1.6446   0.0276  -766.619
 22   1    350.8    105.2   0.2991  48.0370   0.0062  33.9235   0.0062  -955.294
 22   2    344.4    111.6   0.3273  67.1060   0.0049  50.0000   0.0049  -980.080
 22   3    348.2    107.8   0.3405  40.4535   0.0084  29.4678   0.0084  -969.117
 22   4    357.1     98.9   0.2988  11.8743   0.0252   8.4271   0.0252  -952.448
 22   5    358.6     97.4   0.2928  76.9356   0.0038  50.0000   0.0038  -951.134
 22   6    355.4    100.6   0.2984  74.4859   0.0040  50.0000   0.0040  -953.705
 22   7    354.6    101.4   0.2943  73.9564   0.0040  50.0000   0.0040  -951.523
 22   8    359.9     96.1   0.2801  51.7453   0.0054  33.3808   0.0054  -941.037
 22   9    344.4    111.6   0.0947   5.9160   0.0160   4.5570   0.0160  -817.355
 22  10    334.6    121.4   0.1026   4.8182   0.0213   4.0746   0.0213  -842.149
 22  11    361.2     94.8   0.0791   2.5366   0.0312   1.7692   0.0312  -783.056
 22  12    352.2    103.8   0.0780   4.1078   0.0190   2.9851   0.0190  -787.434
 22  13    353.4    102.6   0.0644   5.1714   0.0124   3.6405   0.0124  -769.641
 22  14    351.0    105.0   0.0546   1.2256   0.0446   0.9726   0.0446  -754.179
 22  15    352.8    103.2   0.0575   1.1522   0.0499   0.9161   0.0499  -751.350
 22  16    349.2    106.8   0.0817   2.9411   0.0278   2.2534   0.0278  -793.599
 22  17    354.3    101.7   0.0702   1.4082   0.0498   1.1060   0.0498  -781.976
 22  18    355.2    100.8   0.0640   1.2833   0.0499   1.0004   0.0499  -774.958
 22  19    354.8    101.2   0.0603   1.1133   0.0542   0.8817   0.0542  -756.906
 22  20    349.0    107.0   0.0614   1.2140   0.0506   0.9955   0.0506  -775.029
 22  21    348.2    107.8   0.0744   0.7054   0.1055   0.6709   0.1055  -761.908
 23   1    349.6    106.4   0.2834  27.8812   0.0102  20.1617   0.0102  -942.464
 23   2    343.4    112.6   0.3148  66.5456   0.0047  50.0000   0.0047  -969.785
 23   3    346.8    109.2   0.3187  68.5973   0.0046  50.0000   0.0046  -956.302
 23   4    355.3    100.7   0.2907   9.4888   0.0306   6.9673   0.0306  -941.734
 23   5    356.8     99.2   0.2815  75.6381   0.0037  50.0000   0.0037  -938.586
 23   6    353.8    102.2   0.2943  73.3197   0.0040  50.0000   0.0040  -944.173
 23   7    353.0    103.0   0.2903  72.8010   0.0040  50.0000   0.0040  -941.998
 23   8    358.3     97.7   0.2757  76.7951   0.0036  50.0000   0.0036  -931.332
 23   9    343.6    112.4   0.0788   4.8393   0.0163   3.7555   0.0163  -794.681
 23  10    333.2    122.8   0.0828  61.6738   0.0013  50.0000   0.0013  -818.995
 23  11    359.8     96.2   0.0696   1.7361   0.0401   1.2634   0.0401  -762.377
 23  12    350.5    105.5   0.0611   1.6214   0.0377   1.2660   0.0377  -758.854
 23  13    352.8    103.2   0.0480   1.1413   0.0420   0.8865   0.0420  -734.841
 23  14    349.8    106.2   0.0390   0.6484   0.0602   0.5428   0.0602  -711.855
 23  15    351.6    104.4   0.0357   0.6426   0.0556   0.5239   0.0556  -702.200
 23  16    347.7    108.3   0.0486   1.1469   0.0423   0.9280   0.0423  -744.183
 23  17    352.9    103.1   0.0574   1.6026   0.0358   1.2204   0.0358  -765.847
 23  18    354.1    101.9   0.0478   1.6298   0.0294   1.2044   0.0294  -754.181
 23  19    353.2    102.8   0.0416   0.8679   0.0479   0.6834   0.0479  -720.401
 23  20    347.4    108.6   0.0421   0.9297   0.0453   0.7603   0.0453  -741.860
 23  21    347.3    108.7   0.0484   0.7936   0.0609   0.6783   0.0609  -731.032
 23  22    353.4    102.6   0.0355   1.1252   0.0315   0.8421   0.0315  -727.828
 24   1    345.3    110.7   0.2854   7.5960   0.0376   6.1811   0.0376  -952.982
 24   2    337.8    118.2   0.3051  63.4523   0.0048  50.0000   0.0048  -977.990
 24   3    343.3    112.7   0.3156  66.4664   0.0047  50.0000   0.0047  -965.977
 24   4    353.3    102.7   0.2833  73.0312   0.0039  50.0000   0.0039  -949.918
 24   5    353.8    102.2   0.2790  73.3739   0.0038  50.0000   0.0038  -946.893
 24   6    350.5    105.5   0.2814  71.1173   0.0040  50.0000   0.0040  -949.516
 24   7    349.8    106.2   0.2774  70.6252   0.0039  50.0000   0.0039  -947.239
 24   8    355.0    101.0   0.2735  74.2983   0.0037  50.0000   0.0037  -940.870
 24   9    338.8    117.2   0.0921   5.9153   0.0156   4.7677   0.0156  -821.626
 24  10    329.8    126.2   0.0890   1.7493   0.0509   1.6456   0.0509  -829.152
 24  11    357.2     98.8   0.0771   2.6300   0.0293   1.8903   0.0293  -785.527
 24  12    348.3    107.7   0.0783   1.9827   0.0395   1.5842   0.0395  -794.271
 24  13    347.4    108.6   0.0617   1.6614   0.0372   1.3284   0.0372  -769.715
 24  14    346.6    109.4   0.0616   1.0461   0.0589   0.8935   0.0589  -765.189
 24  15    348.1    107.9   0.0581   1.0346   0.0562   0.8676   0.0562  -756.256
 24  16    345.6    110.4   0.0487   1.6810   0.0290   1.3314   0.0290  -753.251
 24  17    349.3    106.7   0.0617   1.2178   0.0507   0.9963   0.0507  -774.032
 24  18    349.3    106.7   0.0586   2.4465   0.0240   1.8517   0.0240  -786.027
 24  19    350.4    105.6   0.0517   1.3455   0.0384   1.0538   0.0384  -757.780
 24  20    344.6    111.4   0.0525   1.4193   0.0370   1.1592   0.0370  -772.832
 24  21    341.9    114.1   0.0558   0.7934   0.0703   0.7209   0.0703  -755.096
 24  22    349.8    106.2   0.0365   0.5861   0.0622   0.4936   0.0622  -717.403
 24  23    348.3    107.7   0.0236   0.7877   0.0300   0.6123   0.0300  -715.027
 25   1    345.7    110.3   0.2761  68.0291   0.0041  50.0000   0.0041  -946.358
 25   2    339.7    116.3   0.2971  64.4727   0.0046  50.0000   0.0046  -968.807
 25   3    342.8    113.2   0.2999  66.2185   0.0045  50.0000   0.0045  -956.276
 25   4    351.0    105.0   0.2809  71.4600   0.0039  50.0000   0.0039  -947.715
 25   5    352.6    103.4   0.2757  72.5917   0.0038  50.0000   0.0038  -943.163
 25   6    349.6    106.4   0.2778  70.5119   0.0039  50.0000   0.0039  -945.160
 25   7    348.8    107.2   0.2739  70.0276   0.0039  50.0000   0.0039  -942.855
 25   8    354.3    101.7   0.2699  73.7617   0.0037  50.0000   0.0037  -936.024
 25   9    339.8    116.2   0.0828   4.8331   0.0171   3.8804   0.0171  -805.502
 25  10    329.0    127.0   0.0796   3.4825   0.0229   3.0816   0.0229  -821.840
 25  11    355.7    100.3   0.0804   2.9902   0.0269   2.1618   0.0269  -786.742
 25  12    346.2    109.8   0.0650   1.7550   0.0371   1.4159   0.0371  -775.673
 25  13    349.0    107.0   0.0519   0.8929   0.0581   0.7476   0.0581  -743.957
 25  14    345.7    110.3   0.0493   0.6996   0.0705   0.6198   0.0705  -734.975
 25  15    347.6    108.4   0.0456   0.6779   0.0673   0.5879   0.0673  -724.201
 25  16    343.4    112.6   0.0460   1.5131   0.0304   1.2251   0.0304  -752.604
 25  17    348.8    107.2   0.0421   1.0734   0.0392   0.8533   0.0392  -745.932
 25  18    350.3    105.7   0.0391   3.6173   0.0108   2.6062   0.0108  -756.182
 25  19    349.1    106.9   0.0327   1.5848   0.0206   1.1896   0.0206  -728.271
 25  20    343.3    112.7   0.0333   1.5497   0.0215   1.2243   0.0215  -746.652
 25  21    343.3    112.7   0.0457   0.5815   0.0786   0.5342   0.0786  -729.759
 25  22    349.5    106.5   0.0358   0.6978   0.0514   0.5715   0.0514  -723.142
 25  23    348.4    107.6   0.0206   0.4216   0.0488   0.3455   0.0488  -685.779
 25  24    344.1    111.9   0.0178   0.4729   0.0377   0.3886   0.0377  -693.947
 26   1    345.6    110.4   0.2895   8.4718   0.0342   6.8116   0.0342  -955.457
 26   2    338.8    117.2   0.3092  63.9433   0.0048  50.0000   0.0048  -979.582
 26   3    343.2    112.8   0.3211  45.1474   0.0071  34.2193   0.0071  -968.654
 26   4    352.6    103.4   0.2892  40.8048   0.0071  28.4232   0.0071  -954.312
 26   5    353.5    102.5   0.2839  73.1673   0.0039  50.0000   0.0039  -951.467
 26   6    350.3    105.7   0.2863  70.9725   0.0040  50.0000   0.0040  -953.700
 26   7    349.6    106.4   0.2822  70.4840   0.0040  50.0000   0.0040  -951.465
 26   8    354.8    101.2   0.2783  53.7080   0.0052  36.4158   0.0052  -944.830
 26   9    339.3    116.7   0.0920   6.9482   0.0132   5.5413   0.0132  -821.351
 26  10    329.9    126.1   0.0954   2.0756   0.0459   1.9291   0.0459  -836.637
 26  11    356.7     99.3   0.0703   2.7271   0.0258   1.9469   0.0258  -778.929
 26  12    347.7    108.3   0.0651   3.1863   0.0204   2.4192   0.0204  -783.711
 26  13    348.0    108.0   0.0614   1.5305   0.0401   1.2278   0.0401  -768.965
 26  14    346.3    109.7   0.0552   0.8409   0.0656   0.7324   0.0656  -755.225
 26  15    347.9    108.1   0.0517   0.8323   0.0621   0.7099   0.0621  -746.444
 26  16    345.0    111.0   0.0619   1.7581   0.0352   1.4244   0.0352  -770.843
 26  17    349.2    106.8   0.0612   1.2440   0.0492   1.0145   0.0492  -772.550
 26  18    349.7    106.3   0.0582   1.7160   0.0339   1.3340   0.0339  -781.386
 26  19    350.0    106.0   0.0514   1.0423   0.0493   0.8453   0.0493  -752.066
 26  20    344.2    111.8   0.0522   1.2847   0.0406   1.0627   0.0406  -769.644
 26  21    342.6    113.4   0.0622   0.7257   0.0857   0.6818   0.0857  -762.651
 26  22    349.7    106.3   0.0296   0.6773   0.0438   0.5420   0.0438  -711.948
 26  23    348.4    107.6   0.0176   0.9435   0.0186   0.7083   0.0186  -707.037
 26  24    345.2    110.8   0.0119   0.1411   0.0841   0.1297   0.0841  -627.298
 26  25    344.3    111.7   0.0178   0.5537   0.0322   0.4472   0.0322  -697.461
 27   1    345.6    110.4   0.2895   8.4718   0.0342   6.8116   0.0342  -955.457
 27   2    338.8    117.2   0.3092  63.9433   0.0048  50.0000   0.0048  -979.582
 27   3    343.2    112.8   0.3211  45.1480   0.0071  34.2197   0.0071  -968.654
 27   4    352.6    103.4   0.2892  40.8050   0.0071  28.4233   0.0071  -954.312
 27   5    353.5    102.5   0.2839  73.1673   0.0039  50.0000   0.0039  -951.467
 27   6    350.3    105.7   0.2850  70.9766   0.0040  50.0000   0.0040  -953.701
 27   7    349.6    106.4   0.2822  70.4840   0.0040  50.0000   0.0040  -951.465
 27   8    354.8    101.2   0.2783  53.7080   0.0052  36.4158   0.0052  -944.830
 27   9    339.3    116.7   0.0920   6.9482   0.0132   5.5413   0.0132  -821.351
 27  10    329.9    126.1   0.0954   2.0756   0.0459   1.9291   0.0459  -836.637
 27  11    356.7     99.3   0.0703   2.7271   0.0258   1.9469   0.0258  -778.929
 27  12    347.7    108.3   0.0651   3.1863   0.0204   2.4192   0.0204  -783.711
 27  13    348.0    108.0   0.0614   1.5305   0.0401   1.2278   0.0401  -768.965
 27  14    346.3    109.7   0.0552   0.8409   0.0656   0.7324   0.0656  -755.225
 27  15    347.9    108.1   0.0517   0.8323   0.0621   0.7099   0.0621  -746.444
 27  16    345.0    111.0   0.0619   1.7581   0.0352   1.4244   0.0352  -770.843
 27  17    349.2    106.8   0.0612   1.2440   0.0492   1.0145   0.0492  -772.550
 27  18    349.7    106.3   0.0582   1.7160   0.0339   1.3340   0.0339  -781.386
 27  19    350.0    106.0   0.0514   1.0423   0.0493   0.8453   0.0493  -752.066
 27  20    344.2    111.8   0.0522   1.2847   0.0406   1.0627   0.0406  -769.644
 27  21    342.6    113.4   0.0622   0.7257   0.0857   0.6818   0.0857  -762.651
 27  22    349.7    106.3   0.0296   0.6773   0.0438   0.5420   0.0438  -711.948
 27  23    348.4    107.6   0.0176   0.9435   0.0186   0.7083   0.0186  -707.037
 27  24    345.2    110.8   0.0119   0.1411   0.0841   0.1297   0.0841  -627.298
 27  25    344.3    111.7   0.0178   0.5537   0.0322   0.4472   0.0322  -697.461
 27  26    345.0    111.0   0.0000   0.0000   0.8282   0.0000   0.8282  -550.537
 28   1    346.1    109.9   0.2814  68.2653   0.0041  50.0000   0.0041  -946.000
 28   2    339.5    116.5   0.3029  64.3609   0.0047  50.0000   0.0047  -969.874
 28   3    343.5    112.5   0.3048  66.6226   0.0046  50.0000   0.0046  -955.638
 28   4    352.4    103.6   0.2849  72.4052   0.0039  50.0000   0.0039  -945.667
 28   5    353.7    102.3   0.2800  73.3223   0.0038  50.0000   0.0038  -941.446
 28   6    350.5    105.5   0.2823  71.1330   0.0040  50.0000   0.0040  -943.753
 28   7    349.8    106.2   0.2783  70.6401   0.0039  50.0000   0.0039  -941.480
 28   8    355.2    100.8   0.2743  74.4234   0.0037  50.0000   0.0037  -934.657
 28   9    340.0    116.0   0.0797   7.3700   0.0108   5.8051   0.0108  -801.616
 28  10    329.7    126.3   0.0761   4.4856   0.0170   3.8914   0.0170  -816.302
 28  11    356.8     99.2   0.0740   5.6761   0.0130   3.8767   0.0130  -774.850
 28  12    347.5    108.5   0.0688   8.2713   0.0083   6.0594   0.0083  -781.106
 28  13    349.0    107.0   0.0421   1.2237   0.0344   0.9582   0.0344  -734.872
 28  14    346.6    109.4   0.0458   0.6710   0.0683   0.5875   0.0683  -728.105
 28  15    348.3    107.7   0.0424   0.6640   0.0639   0.5676   0.0639  -718.952
 28  16    344.7    111.3   0.0489   1.2983   0.0377   1.0615   0.0377  -754.943
 28  17    349.6    106.4   0.0450   1.6763   0.0268   1.2767   0.0268  -755.267
 28  18    350.5    105.5   0.0361   6.1356   0.0059   4.3402   0.0059  -751.727
 28  19    350.2    105.8   0.0356   1.3595   0.0262   1.0284   0.0262  -730.510
 28  20    344.3    111.7   0.0362   1.2300   0.0294   0.9858   0.0294  -749.322
 28  21    343.4    112.6   0.0426   0.6016   0.0707   0.5416   0.0707  -729.281
 28  22    350.1    105.9   0.0357   0.8904   0.0401   0.7024   0.0401  -731.873
 28  23    348.9    107.1   0.0235   0.4265   0.0551   0.3544   0.0551  -689.947
 28  24    345.2    110.8   0.0237   0.6321   0.0375   0.5148   0.0375  -714.636
 28  25    344.9    111.1   0.0088   0.2538   0.0347   0.2055   0.0347  -646.776
 28  26    345.2    110.8   0.0238   0.6777   0.0351   0.5481   0.0351  -716.712
 28  27    345.2    110.8   0.0238   0.6777   0.0351   0.5481   0.0351  -716.712
 29   1    345.1    110.9   0.2895  21.0558   0.0137  16.0147   0.0137  -950.630
 29   2    339.6    116.4   0.3088  64.3824   0.0048  50.0000   0.0048  -972.241
 29   3    342.0    114.0   0.3122  65.7335   0.0047  50.0000   0.0047  -960.674
 29   4    349.8    106.2   0.2967  10.2304   0.0290   7.8307   0.0290  -952.164
 29   5    351.6    104.4   0.2873  71.8249   0.0040  50.0000   0.0040  -948.862
 29   6    348.6    107.4   0.2894  69.8378   0.0041  50.0000   0.0041  -950.602
 29   7    347.9    108.1   0.2854  69.3586   0.0041  50.0000   0.0041  -948.342
 29   8    353.3    102.7   0.2811  73.0151   0.0038  50.0000   0.0038  -941.556
 29   9    339.4    116.6   0.0833   5.4284   0.0153   4.3500   0.0153  -805.782
 29  10    328.4    127.6   0.0801   4.2631   0.0188   3.7522   0.0188  -822.792
 29  11    354.6    101.4   0.0706   1.9855   0.0355   1.4895   0.0355  -773.916
 29  12    345.0    111.0   0.0653   1.6566   0.0394   1.3579   0.0394  -770.363
 29  13    348.7    107.3   0.0516   0.8910   0.0579   0.7473   0.0579  -745.929
 29  14    344.8    111.2   0.0492   0.9236   0.0532   0.7872   0.0532  -744.152
 29  15    346.7    109.3   0.0456   0.9654   0.0472   0.7981   0.0472  -737.632
 29  16    342.2    113.8   0.0525   1.1778   0.0446   0.9999   0.0446  -758.558
 29  17    348.0    108.0   0.0482   1.2691   0.0380   1.0123   0.0380  -760.418
 29  18    349.7    106.3   0.0452   1.3331   0.0339   1.0359   0.0339  -752.053
 29  19    348.0    108.0   0.0389   1.1276   0.0345   0.8902   0.0345  -728.352
 29  20    342.3    113.7   0.0395   0.8742   0.0452   0.7428   0.0452  -741.456
 29  21    342.9    113.1   0.0457   0.6336   0.0721   0.5745   0.0721  -729.288
 29  22    348.7    107.3   0.0389   0.7146   0.0544   0.5936   0.0544  -723.417
 29  23    347.8    108.2   0.0146   0.3688   0.0396   0.2959   0.0396  -665.398
 29  24    343.1    112.9   0.0148   0.7351   0.0201   0.5795   0.0201  -700.446
 29  25    343.9    112.1   0.0117   0.3951   0.0297   0.3178   0.0297  -674.839
 29  26    343.5    112.5   0.0148   0.5926   0.0250   0.4721   0.0250  -694.862
 29  27    343.5    112.5   0.0148   0.5926   0.0250   0.4721   0.0250  -694.862
 29  28    344.2    111.8   0.0088   0.4743   0.0185   0.3688   0.0185  -679.072
 30   1    345.9    110.1   0.2824  15.0463   0.0188  11.5417   0.0188  -948.933
 30   2    340.4    115.6   0.3022  64.8291   0.0047  50.0000   0.0047  -971.211
 30   3    342.8    113.2   0.3160  66.1560   0.0048  50.0000   0.0048  -963.110
 30   4    350.5    105.5   0.2856  71.0745   0.0040  50.0000   0.0040  -951.752
 30   5    352.3    103.7   0.2802  72.3329   0.0039  50.0000   0.0039  -947.156
 30   6    349.3    106.7   0.2822  70.3298   0.0040  50.0000   0.0040  -948.916
 30   7    348.6    107.4   0.2782  69.8489   0.0040  50.0000   0.0040  -946.642
 30   8    353.9    102.1   0.2741  73.4988   0.0037  50.0000   0.0037  -939.755
 30   9    340.3    115.7   0.0883   4.4056   0.0200   3.5524   0.0200  -808.921
 30  10    329.3    126.7   0.0847   7.8467   0.0108   6.7224   0.0108  -828.776
 30  11    355.3    100.7   0.0673   1.4180   0.0474   1.0968   0.0474  -766.250
 30  12    345.8    110.2   0.0684   1.8363   0.0373   1.4870   0.0373  -779.669
 30  13    349.5    106.5   0.0579   1.1498   0.0503   0.9386   0.0503  -754.661
 30  14    345.6    110.4   0.0519   1.0082   0.0515   0.8504   0.0515  -750.142
 30  15    347.5    108.5   0.0484   0.9017   0.0537   0.7543   0.0537  -740.052
 30  16    343.1    112.9   0.0588   1.4542   0.0404   1.2129   0.0404  -765.325
 30  17    348.7    107.3   0.0513   1.6192   0.0317   1.2606   0.0317  -765.120
 30  18    350.4    105.6   0.0483   1.5793   0.0306   1.2084   0.0306  -764.672
 30  19    348.7    107.3   0.0419   1.3668   0.0307   1.0608   0.0307  -738.323
 30  20    343.0    113.0   0.0426   1.5407   0.0276   1.2410   0.0276  -760.288
 30  21    343.7    112.3   0.0519   0.8132   0.0638   0.7179   0.0638  -749.294
 30  22    349.4    106.6   0.0326   1.1021   0.0296   0.8479   0.0296  -732.164
 30  23    348.6    107.4   0.0205   0.4957   0.0414   0.3975   0.0414  -687.078
 30  24    343.9    112.1   0.0088   1.0525   0.0084   0.7963   0.0084  -698.904
 30  25    344.7    111.3   0.0147   0.4402   0.0334   0.3556   0.0334  -683.804
 30  26    344.3    111.7   0.0088   0.7642   0.0115   0.5817   0.0115  -692.111
 30  27    344.3    111.7   0.0088   0.7642   0.0115   0.5817   0.0115  -692.111
 30  28    345.0    111.0   0.0147   0.5329   0.0275   0.4226   0.0275  -691.275
 30  29    344.3    111.7   0.0058   0.2722   0.0214   0.2132   0.0214  -643.680
 31   1    344.7    111.3   0.2743  67.4503   0.0041  50.0000   0.0041  -944.998
 31   2    337.5    118.5   0.2961  63.2924   0.0047  50.0000   0.0047  -968.362
 31   3    342.6    113.4   0.2958   8.5192   0.0347   7.0228   0.0347  -950.365
 31   4    352.5    103.5   0.2679  72.5202   0.0037  50.0000   0.0037  -938.426
 31   5    353.0    103.0   0.2682  72.8495   0.0037  50.0000   0.0037  -937.977
 31   6    349.8    106.2   0.2702   5.8881   0.0459   4.7357   0.0459  -938.533
 31   7    349.0    107.0   0.2712   5.8479   0.0464   4.7379   0.0464  -938.237
 31   8    354.2    101.8   0.2572  10.0519   0.0256   7.3292   0.0256  -928.942
 31   9    338.3    117.7   0.1006   4.7677   0.0211   3.9154   0.0211  -816.505
 31  10    329.2    126.8   0.0772   8.3092   0.0093   7.0982   0.0093  -817.408
 31  11    356.4     99.6   0.0887   1.6541   0.0536   1.2923   0.0536  -785.011
 31  12    347.4    108.6   0.0696  12.5486   0.0055   9.1253   0.0055  -778.284
 31  13    346.9    109.1   0.0621   2.1305   0.0292   1.6714   0.0292  -762.724
 31  14    345.8    110.2   0.0621   1.9795   0.0314   1.5759   0.0314  -765.162
 31  15    347.4    108.6   0.0688   1.8149   0.0379   1.4545   0.0379  -768.149
 31  16    344.8    111.2   0.0759   1.0431   0.0728   0.9350   0.0728  -773.096
 31  17    348.5    107.5   0.0755   2.6869   0.0281   2.0734   0.0281  -788.113
 31  18    348.6    107.4   0.0688   2.2505   0.0306   1.7479   0.0306  -788.412
 31  19    349.5    106.5   0.0587   2.0859   0.0281   1.5966   0.0281  -758.304
 31  20    343.8    112.2   0.0662   2.3706   0.0279   1.9004   0.0279  -783.722
 31  21    341.4    114.6   0.0691   1.4667   0.0471   1.2613   0.0471  -775.023
 31  22    349.0    107.0   0.0586   4.6348   0.0126   3.3979   0.0126  -770.728
 31  23    347.6    108.4   0.0489   1.4364   0.0340   1.1360   0.0340  -750.385
 31  24    344.9    111.1   0.0621   1.2334   0.0504   1.0426   0.0504  -769.859
 31  25    343.4    112.6   0.0525   1.6185   0.0324   1.3172   0.0324  -764.925
 31  26    344.5    111.5   0.0560   1.4221   0.0394   1.1700   0.0394  -764.798
 31  27    344.5    111.5   0.0560   1.4221   0.0394   1.1700   0.0394  -764.798
 31  28    344.5    111.5   0.0493   1.9927   0.0247   1.5737   0.0247  -759.475
 31  29    342.5    113.5   0.0463   1.8400   0.0252   1.4785   0.0252  -757.003
 31  30    343.3    112.7   0.0526   1.6261   0.0324   1.3243   0.0324  -762.873
 32   1    345.8    110.2   0.2734  68.1097   0.0040  50.0000   0.0040  -942.511
 32   2    338.5    117.5   0.2951  63.8411   0.0046  50.0000   0.0046  -966.342
 32   3    343.7    112.3   0.2951   8.3994   0.0351   6.8742   0.0351  -947.852
 32   4    353.6    102.4   0.2671  73.2815   0.0036  50.0000   0.0036  -935.771
 32   5    354.1    101.9   0.2674  73.6555   0.0036  50.0000   0.0036  -934.985
 32   6    350.9    105.1   0.2696   6.0544   0.0445   4.8080   0.0445  -935.789
 32   7    350.2    105.8   0.2706   6.0120   0.0450   4.8097   0.0450  -935.493
 32   8    355.4    100.6   0.2567   9.5688   0.0268   6.9354   0.0268  -925.729
 32   9    339.4    116.6   0.1003   5.0251   0.0200   4.0791   0.0200  -813.974
 32  10    330.2    125.8   0.0771   8.4128   0.0092   7.1277   0.0092  -815.349
 32  11    357.5     98.5   0.0885   1.6234   0.0545   1.2604   0.0545  -781.808
 32  12    348.5    107.5   0.0695  12.8546   0.0054   9.2497   0.0054  -775.504
 32  13    348.0    108.0   0.0619   1.9365   0.0320   1.5180   0.0320  -759.417
 32  14    347.0    109.0   0.0620   2.0128   0.0308   1.5853   0.0308  -762.396
 32  15    348.5    107.5   0.0686   2.0836   0.0329   1.6313   0.0329  -765.815
 32  16    345.9    110.1   0.0757   1.0868   0.0696   0.9590   0.0696  -770.692
 32  17    349.6    106.4   0.0753   2.6671   0.0282   2.0397   0.0282  -785.414
 32  18    349.7    106.3   0.0686   2.2310   0.0307   1.7178   0.0307  -785.913
 32  19    350.6    105.4   0.0585   2.0583   0.0284   1.5619   0.0284  -755.544
 32  20    344.8    111.2   0.0661   2.3512   0.0281   1.8692   0.0281  -781.396
 32  21    342.5    113.5   0.0689   1.3241   0.0520   1.1437   0.0520  -771.261
 32  22    350.1    105.9   0.0585   4.8743   0.0120   3.5316   0.0120  -768.308
 32  23    348.7    107.3   0.0487   1.5141   0.0322   1.1804   0.0322  -748.098
 32  24    346.0    110.0   0.0620   1.1360   0.0546   0.9635   0.0546  -766.060
 32  25    344.5    111.5   0.0523   1.4685   0.0356   1.1955   0.0356  -761.685
 32  26    345.6    110.4   0.0559   1.3036   0.0429   1.0739   0.0429  -761.261
 32  27    345.6    110.4   0.0559   1.3036   0.0429   1.0739   0.0429  -761.261
 32  28    345.6    110.4   0.0491   1.7752   0.0277   1.4012   0.0277  -756.299
 32  29    343.6    112.4   0.0462   1.6889   0.0274   1.3535   0.0274  -754.019
 32  30    344.4    111.6   0.0524   1.4868   0.0353   1.2104   0.0353  -759.670
 32  31    345.2    110.8   0.0000   0.0299   0.0010   0.0219   0.0010  -556.308
 33   1    341.8    114.2   0.2912   9.5448   0.0305   7.8256   0.0305  -958.876
 33   2    335.2    120.8   0.2991  62.0667   0.0048  50.0000   0.0048  -976.122
 33   3    339.4    116.6   0.3081  64.2968   0.0048  50.0000   0.0048  -965.669
 33   4    348.7    107.3   0.2818  69.8995   0.0040  50.0000   0.0040  -953.713
 33   5    349.4    106.6   0.2838  70.3777   0.0040  50.0000   0.0040  -953.514
 33   6    346.3    109.7   0.2751   6.8384   0.0402   5.5614   0.0402  -951.154
 33   7    345.5    110.5   0.2761   6.7459   0.0409   5.5298   0.0409  -950.827
 33   8    350.9    105.1   0.2710  71.4038   0.0038  50.0000   0.0038  -944.832
 33   9    335.6    120.4   0.0864  11.2877   0.0077   9.1328   0.0077  -818.118
 33  10    325.9    130.1   0.0728   1.7872   0.0407   1.6859   0.0407  -816.776
 33  11    352.8    103.2   0.0820   4.5159   0.0181   3.2555   0.0181  -796.398
 33  12    343.6    112.4   0.0660   1.8275   0.0361   1.5005   0.0361  -785.010
 33  13    344.4    111.6   0.0557   1.8661   0.0299   1.4963   0.0299  -765.671
 33  14    342.5    113.5   0.0665   5.2793   0.0126   4.0913   0.0126  -784.501
 33  15    344.1    111.9   0.0561   4.9861   0.0112   3.7967   0.0112  -769.357
 33  16    340.9    115.1   0.0595   1.8337   0.0324   1.5215   0.0324  -775.718
 33  17    345.4    110.6   0.0649   3.3586   0.0193   2.5923   0.0193  -788.567
 33  18    346.0    110.0   0.0650   5.6666   0.0115   4.2483   0.0115  -796.165
 33  19    346.0    110.0   0.0492   2.0015   0.0246   1.5599   0.0246  -759.515
 33  20    340.4    115.6   0.0558   1.9312   0.0289   1.5943   0.0289  -776.623
 33  21    338.7    117.3   0.0595   1.4965   0.0397   1.2876   0.0397  -780.525
 33  22    346.0    110.0   0.0564   6.7282   0.0084   4.9969   0.0084  -783.231
 33  23    344.7    111.3   0.0496   8.3098   0.0060   6.1990   0.0060  -769.749
 33  24    341.3    114.7   0.0469   0.9245   0.0508   0.8030   0.0508  -763.231
 33  25    340.6    115.4   0.0394   1.5355   0.0257   1.2544   0.0257  -761.672
 33  26    341.2    114.8   0.0405   1.1879   0.0341   0.9879   0.0341  -761.331
 33  27    341.2    114.8   0.0405   1.1879   0.0341   0.9879   0.0341  -761.331
 33  28    341.3    114.7   0.0348   6.8094   0.0051   5.2147   0.0051  -756.150
 33  29    339.8    116.2   0.0384   5.7718   0.0066   4.4974   0.0066  -763.969
 33  30    340.6    115.4   0.0370   5.2966   0.0070   4.1029   0.0070  -762.848
 33  31    340.6    115.4   0.0306   1.2215   0.0251   0.9959   0.0251  -738.818
 33  32    341.7    114.3   0.0306   1.0994   0.0278   0.8955   0.0278  -735.328
 34   1    346.7    109.3   0.2875   7.2128   0.0399   5.8430   0.0399  -945.579
 34   2    339.5    116.5   0.2934  64.3821   0.0046  50.0000   0.0046  -966.210
 34   3    344.5    111.5   0.2986   6.7709   0.0441   5.6456   0.0441  -948.309
 34   4    354.1    101.9   0.2837   9.6225   0.0295   7.1124   0.0295  -941.310
 34   5    355.0    101.0   0.2813  74.2236   0.0038  50.0000   0.0038  -939.711
 34   6    351.7    104.3   0.2684   4.8906   0.0549   3.9764   0.0549  -934.824
 34   7    351.0    105.0   0.2694   4.8368   0.0557   3.9644   0.0557  -934.456
 34   8    356.3     99.7   0.2685  75.2856   0.0036  50.0000   0.0036  -931.051
 34   9    340.3    115.7   0.0768   3.8265   0.0201   3.0854   0.0201  -795.441
 34  10    330.7    125.3   0.0626   3.4536   0.0181   2.9836   0.0181  -799.541
 34  11    358.2     97.8   0.0910   4.0326   0.0226   2.8087   0.0226  -789.045
 34  12    349.1    106.9   0.0656   5.3563   0.0122   3.9166   0.0122  -773.610
 34  13    349.1    106.9   0.0584   1.5820   0.0369   1.2469   0.0369  -754.611
 34  14    347.7    108.3   0.0651   1.7418   0.0374   1.3899   0.0374  -765.719
 34  15    349.3    106.7   0.0615   1.7041   0.0361   1.3376   0.0361  -758.332
 34  16    346.3    109.7   0.0620   1.4876   0.0416   1.2146   0.0416  -761.879
 34  17    350.6    105.4   0.0679   1.8684   0.0363   1.4521   0.0363  -771.826
 34  18    351.0    105.0   0.0683   2.1646   0.0315   1.6533   0.0315  -784.648
 34  19    351.5    104.5   0.0520   3.9595   0.0131   2.8415   0.0131  -749.847
 34  20    345.6    110.4   0.0589   1.2493   0.0472   1.0414   0.0472  -767.305
 34  21    343.7    112.3   0.0554   1.7154   0.0323   1.3927   0.0323  -758.055
 34  22    351.0    105.0   0.0580   2.0032   0.0289   1.5175   0.0289  -764.188
 34  23    349.6    106.4   0.0454   1.2587   0.0360   0.9852   0.0360  -741.608
 34  24    346.5    109.5   0.0520   1.2244   0.0424   1.0005   0.0424  -752.502
 34  25    345.5    110.5   0.0425   1.2684   0.0335   1.0189   0.0335  -745.707
 34  26    346.2    109.8   0.0457   1.4227   0.0321   1.1314   0.0321  -749.286
 34  27    346.2    109.8   0.0457   1.4227   0.0321   1.1314   0.0321  -749.286
 34  28    346.4    109.6   0.0393   1.4682   0.0268   1.1481   0.0268  -741.365
 34  29    344.6    111.4   0.0364   1.0435   0.0349   0.8476   0.0349  -730.637
 34  30    345.3    110.7   0.0426   1.6606   0.0256   1.3057   0.0256  -747.973
 34  31    345.7    110.3   0.0209   0.7584   0.0276   0.5977   0.0276  -696.536
 34  32    346.9    109.1   0.0209   0.7186   0.0291   0.5636   0.0291  -692.461
 34  33    342.3    113.7   0.0211   1.1237   0.0187   0.8877   0.0187  -721.855
 35   1    353.1    102.9   0.2803   6.0495   0.0463   4.7471   0.0463  -938.130
 35   2    345.3    110.7   0.2802  67.7749   0.0041  50.0000   0.0041  -959.038
 35   3    351.3    104.7   0.2551   5.5246   0.0462   4.3956   0.0462  -922.813
 35   4    361.5     94.5   0.2481  14.4812   0.0171   9.5947   0.0171  -919.999
 35   5    362.0     94.0   0.2488   6.2043   0.0401   4.4290   0.0401  -918.165
 35   6    358.7     97.3   0.2364   6.8285   0.0346   4.9294   0.0346  -916.049
 35   7    358.0     98.0   0.2377   7.0641   0.0337   5.1166   0.0337  -916.685
 35   8    363.2     92.8   0.2463   5.9045   0.0417   4.1930   0.0417  -915.190
 35   9    346.4    109.6   0.1899   4.9584   0.0383   4.0087   0.0383  -884.420
 35  10    337.6    118.4   0.1727   3.9688   0.0435   3.4749   0.0435  -887.347
 35  11    365.4     90.6   0.1950  11.5707   0.0169   7.3688   0.0169  -867.972
 35  12    356.6     99.4   0.1805  10.7427   0.0168   7.4455   0.0168  -867.026
 35  13    354.9    101.1   0.1610   7.3019   0.0220   5.2317   0.0220  -851.771
 35  14    354.6    101.4   0.1645   5.5231   0.0298   4.0676   0.0298  -852.514
 35  15    356.1     99.9   0.1559   5.7621   0.0271   4.1533   0.0271  -844.262
 35  16    353.8    102.2   0.1566   7.1052   0.0220   5.1430   0.0220  -850.554
 35  17    357.5     98.5   0.1594   3.8374   0.0415   2.8625   0.0415  -855.661
 35  18    357.2     98.8   0.1674  10.8173   0.0155   7.4213   0.0155  -873.733
 35  19    358.7     97.3   0.1475   6.6428   0.0222   4.5984   0.0222  -840.264
 35  20    352.8    103.2   0.1590   9.2678   0.0172   6.6608   0.0172  -867.185
 35  21    349.8    106.2   0.1474   4.7762   0.0309   3.6755   0.0309  -843.271
 35  22    357.7     98.3   0.1799   8.4281   0.0213   5.8732   0.0213  -874.948
 35  23    356.1     99.9   0.1639   5.6802   0.0289   4.1160   0.0289  -857.685
 35  24    353.7    102.3   0.1720   5.0480   0.0341   3.7977   0.0341  -874.870
 35  25    351.9    104.1   0.1528   4.5598   0.0335   3.4759   0.0335  -858.638
 35  26    353.2    102.8   0.1720   5.1668   0.0333   3.8952   0.0333  -874.989
 35  27    353.2    102.8   0.1720   5.1668   0.0333   3.8952   0.0333  -874.989
 35  28    353.1    102.9   0.1489   5.8789   0.0253   4.3241   0.0253  -853.563
 35  29    350.8    105.2   0.1545   8.2802   0.0187   6.0876   0.0187  -862.589
 35  30    351.5    104.5   0.1609   6.5490   0.0246   4.8733   0.0246  -866.199
 35  31    352.9    103.1   0.1465   8.7747   0.0167   6.2931   0.0167  -850.676
 35  32    354.0    102.0   0.1462   8.8968   0.0164   6.3117   0.0164  -847.774
 35  33    349.2    106.8   0.1528  10.9821   0.0139   8.0662   0.0139  -868.037
 35  34    354.6    101.4   0.1352   6.5138   0.0208   4.6605   0.0208  -840.742
 36   1    360.0     96.0   0.2534   7.7441   0.0327   5.4913   0.0327  -917.157
 36   2    352.9    103.1   0.2516  72.8386   0.0035  50.0000   0.0035  -936.064
 36   3    357.7     98.3   0.2326   7.6410   0.0304   5.4887   0.0304  -904.669
 36   4    366.8     89.2   0.2341  18.0568   0.0130  11.1637   0.0130  -903.125
 36   5    368.3     87.7   0.2147   5.6724   0.0378   3.7948   0.0378  -887.719
 36   6    365.0     91.0   0.2041   8.5283   0.0239   5.5967   0.0239  -887.343
 36   7    364.3     91.7   0.2053   8.8209   0.0233   5.8159   0.0233  -888.058
 36   8    369.7     86.3   0.2200   6.0853   0.0362   3.9917   0.0362  -888.846
 36   9    353.6    102.4   0.1928   5.9289   0.0325   4.4438   0.0325  -875.432
 36  10    343.6    112.4   0.1684   5.3311   0.0316   4.3234   0.0316  -879.919
 36  11    371.2     84.8   0.1839   7.6096   0.0242   4.6937   0.0242  -845.654
 36  12    362.2     93.8   0.1909   9.4191   0.0203   6.2667   0.0203  -863.107
 36  13    362.6     93.4   0.1684   6.5097   0.0259   4.4019   0.0259  -839.920
 36  14    360.8     95.2   0.1604   4.9024   0.0327   3.4503   0.0327  -838.010
 36  15    362.5     93.5   0.1561   5.0066   0.0312   3.4507   0.0312  -831.467
 36  16    359.0     97.0   0.1699   6.1759   0.0275   4.3406   0.0275  -847.744
 36  17    364.1     91.9   0.1774   7.4359   0.0239   4.9225   0.0239  -860.606
 36  18    364.7     91.3   0.1782   8.0047   0.0223   5.2348   0.0223  -866.991
 36  19    364.9     91.1   0.1653   5.2823   0.0313   3.5621   0.0313  -841.769
 36  20    358.8     97.2   0.1758   7.5638   0.0232   5.2505   0.0232  -868.967
 36  21    357.6     98.4   0.1552   5.3600   0.0289   3.8353   0.0289  -834.135
 36  22    364.3     91.7   0.1798  10.4062   0.0173   6.7090   0.0173  -865.405
 36  23    363.0     93.0   0.1726   5.4395   0.0317   3.7416   0.0317  -850.502
 36  24    359.4     96.6   0.1820   6.4463   0.0282   4.5264   0.0282  -873.055
 36  25    358.9     97.1   0.1699   6.2610   0.0271   4.3994   0.0271  -859.791
 36  26    359.3     96.7   0.1816   6.9024   0.0263   4.8226   0.0263  -872.639
 36  27    359.3     96.7   0.1816   6.9024   0.0263   4.8226   0.0263  -872.639
 36  28    359.8     96.2   0.1663   7.6840   0.0216   5.2585   0.0216  -854.302
 36  29    358.0     98.0   0.1717   9.4816   0.0181   6.5174   0.0181  -862.638
 36  30    358.7     97.3   0.1699   7.8021   0.0218   5.3961   0.0218  -861.589
 36  31    358.6     97.4   0.1472   8.3805   0.0176   5.7162   0.0176  -840.545
 36  32    359.8     96.2   0.1469   8.5034   0.0173   5.7314   0.0173  -837.063
 36  33    355.4    100.6   0.1572   9.0485   0.0174   6.3564   0.0174  -861.721
 36  34    360.8     95.2   0.1478   8.9374   0.0165   5.9500   0.0165  -841.043
 36  35    367.5     88.5   0.0498   0.6805   0.0731   0.5165   0.0731  -701.512
 37   1    342.3    113.7   0.2800  65.9747   0.0042  50.0000   0.0042  -952.627
 37   2    335.6    120.4   0.2857  62.3478   0.0046  50.0000   0.0046  -969.208
 37   3    339.9    116.1   0.2629  35.9166   0.0073  28.0301   0.0073  -942.672
 37   4    349.3    106.7   0.2605   9.5356   0.0273   7.2928   0.0273  -938.025
 37   5    350.0    106.0   0.2392  70.9058   0.0034  50.0000   0.0034  -929.168
 37   6    346.9    109.1   0.2339  68.9152   0.0034  50.0000   0.0034  -927.410
 37   7    346.1    109.9   0.2352  68.4411   0.0034  50.0000   0.0034  -927.842
 37   8    351.2    104.8   0.2379  71.6978   0.0033  50.0000   0.0033  -925.379
 37   9    336.0    120.0   0.2058   6.2530   0.0329   5.3896   0.0329  -905.357
 37  10    327.0    129.0   0.1879  58.4431   0.0032  50.0000   0.0032  -912.799
 37  11    353.1    102.9   0.2209   4.1670   0.0530   3.3345   0.0530  -894.494
 37  12    344.3    111.7   0.2115   9.2113   0.0230   7.2496   0.0230  -896.897
 37  13    344.5    111.5   0.1965  10.6841   0.0184   8.2799   0.0184  -885.798
 37  14    342.9    113.1   0.1855  66.6371   0.0028  50.0000   0.0028  -880.521
 37  15    344.5    111.5   0.1893  67.5577   0.0028  50.0000   0.0028  -880.132
 37  16    341.8    114.2   0.1921  12.0268   0.0160   9.4668   0.0160  -888.287
 37  17    345.6    110.4   0.1995  12.3978   0.0161   9.4568   0.0161  -898.680
 37  18    346.0    110.0   0.1882   6.3838   0.0295   5.0487   0.0295  -897.145
 37  19    346.3    109.7   0.1863   8.8593   0.0210   6.8157   0.0210  -879.904
 37  20    340.8    115.2   0.1943  29.4898   0.0066  22.7872   0.0066  -900.968
 37  21    339.1    116.9   0.1815   9.1284   0.0199   7.4273   0.0199  -879.245
 37  22    346.1    109.9   0.2050   6.6149   0.0310   5.2504   0.0310  -901.049
 37  23    344.9    111.1   0.1941  14.7404   0.0132  11.2173   0.0132  -890.958
 37  24    341.9    114.1   0.1945   6.0606   0.0321   4.9854   0.0321  -901.987
 37  25    340.9    115.1   0.1824   8.9204   0.0204   7.1655   0.0204  -892.402
 37  26    341.7    114.3   0.1942   6.5245   0.0298   5.3446   0.0298  -900.668
 37  27    341.7    114.3   0.1942   6.5245   0.0298   5.3446   0.0298  -900.668
 37  28    341.7    114.3   0.1789  65.9708   0.0027  50.0000   0.0027  -887.571
 37  29    340.1    115.9   0.1800   5.3709   0.0335   4.4994   0.0335  -888.280
 37  30    340.9    115.1   0.1824   8.8344   0.0206   7.1014   0.0206  -891.613
 37  31    341.2    114.8   0.1698  65.7217   0.0026  50.0000   0.0026  -878.167
 37  32    342.3    113.7   0.1693  66.3254   0.0026  50.0000   0.0026  -875.814
 37  33    338.0    118.0   0.1773  63.8956   0.0028  50.0000   0.0028  -893.664
 37  34    342.8    113.2   0.1642  66.6573   0.0025  50.0000   0.0025  -876.366
 37  35    349.7    106.3   0.1462   9.9540   0.0147   7.2958   0.0147  -852.924
 37  36    355.5    100.5   0.1635  10.5697   0.0155   7.3687   0.0155  -856.141
 38   1    324.2    131.8   0.2628  26.3293   0.0100  23.3871   0.0100  -961.860
 38   2    319.4    136.6   0.2567   8.0630   0.0318   7.7855   0.0318  -968.318
 38   3    321.3    134.7   0.2443  27.1646   0.0090  24.5918   0.0090  -953.415
 38   4    328.9    127.1   0.2553   8.6512   0.0295   7.7872   0.0295  -958.959
 38   5    329.5    126.5   0.2264  34.1009   0.0066  28.8762   0.0066  -945.442
 38   6    326.9    129.1   0.2110  58.3224   0.0036  50.0000   0.0036  -937.945
 38   7    326.1    129.9   0.2120  57.9653   0.0037  50.0000   0.0037  -937.934
 38   8    331.4    124.6   0.2298  42.6555   0.0054  35.4747   0.0054  -946.573
 38   9    319.2    136.8   0.1639  55.1779   0.0030  50.0000   0.0030  -901.341
 38  10    308.8    147.2   0.1480   9.1536   0.0162   9.1662   0.0162  -902.518
 38  11    333.4    122.6   0.2010   7.2527   0.0277   6.2918   0.0277  -914.839
 38  12    323.8    132.2   0.1781  10.1014   0.0176   9.1642   0.0176  -903.733
 38  13    327.9    128.1   0.1617   6.0004   0.0270   5.4055   0.0270  -885.468
 38  14    324.1    131.9   0.1650  34.2471   0.0048  30.0641   0.0048  -892.266
 38  15    325.8    130.2   0.1729  30.1194   0.0057  26.1689   0.0057  -895.706
 38  16    321.8    134.2   0.1580   4.9310   0.0320   4.6896   0.0320  -891.486
 38  17    326.6    129.4   0.1854   7.5102   0.0247   6.7942   0.0247  -913.794
 38  18    328.2    127.8   0.1804   4.4233   0.0408   4.1076   0.0408  -911.544
 38  19    326.4    129.6   0.1592   4.8236   0.0330   4.4533   0.0330  -886.362
 38  20    321.4    134.6   0.1789   5.2484   0.0341   5.0248   0.0341  -910.589
 38  21    321.2    134.8   0.1460  12.9222   0.0113  11.7701   0.0113  -874.418
 38  22    327.9    128.1   0.1808  10.2277   0.0177   9.0088   0.0177  -911.647
 38  23    326.9    129.1   0.1791   3.7208   0.0481   3.5443   0.0481  -903.202
 38  24    322.6    133.4   0.1670  10.0828   0.0166   9.2066   0.0166  -908.524
 38  25    323.1    132.9   0.1606  46.9642   0.0034  41.3951   0.0034  -899.338
 38  26    323.2    132.8   0.1752   7.4242   0.0236   6.8602   0.0236  -912.645
 38  27    323.2    132.8   0.1752   7.4242   0.0236   6.8602   0.0236  -912.645
 38  28    323.2    132.8   0.1647  30.5898   0.0054  27.0683   0.0054  -900.258
 38  29    322.9    133.1   0.1692   7.5124   0.0225   6.9363   0.0225  -902.360
 38  30    323.9    132.1   0.1702  30.5064   0.0056  26.8731   0.0056  -905.919
 38  31    322.2    133.8   0.1625   4.0691   0.0399   3.9255   0.0399  -897.084
 38  32    323.2    132.8   0.1622   4.2665   0.0380   4.0731   0.0380  -895.335
 38  33    319.5    136.5   0.1645  55.3034   0.0030  50.0000   0.0030  -908.074
 38  34    323.6    132.4   0.1538   5.4430   0.0283   5.0686   0.0283  -893.147
 38  35    329.7    126.3   0.1391  12.6333   0.0110  10.7982   0.0110  -879.299
 38  36    336.0    120.0   0.1222  14.3816   0.0085  11.6223   0.0085  -859.740
 38  37    320.7    135.3   0.1491  37.6260   0.0040  33.8019   0.0040  -892.460
 39   1    349.6    106.4   0.2924  14.7066   0.0199  10.9624   0.0199  -952.565
 39   2    342.5    113.5   0.2981  29.2694   0.0102  22.5340   0.0102  -971.877
 39   3    347.7    108.3   0.2640  10.0865   0.0262   7.7896   0.0262  -937.669
 39   4    357.5     98.5   0.2555  22.6130   0.0113  15.2526   0.0113  -930.693
 39   5    357.8     98.2   0.2540  76.4959   0.0033  50.0000   0.0033  -932.980
 39   6    354.7    101.3   0.2531  74.1475   0.0034  50.0000   0.0034  -933.984
 39   7    354.0    102.0   0.2544  73.6059   0.0035  50.0000   0.0035  -934.564
 39   8    359.0     97.0   0.2533  77.3829   0.0033  50.0000   0.0033  -930.380
 39   9    343.3    112.7   0.2019   6.7286   0.0300   5.4438   0.0300  -901.683
 39  10    334.8    121.2   0.1914  62.2002   0.0031  50.0000   0.0031  -913.558
 39  11    361.2     94.8   0.2287  79.3321   0.0029  50.0000   0.0029  -890.973
 39  12    352.6    103.4   0.2305  72.7461   0.0032  50.0000   0.0032  -905.242
 39  13    351.6    104.4   0.1779  72.2140   0.0025  50.0000   0.0025  -870.007
 39  14    350.9    105.1   0.1953  71.6776   0.0027  50.0000   0.0027  -883.576
 39  15    352.4    103.6   0.1992  72.6551   0.0027  50.0000   0.0027  -882.849
 39  16    350.2    105.8   0.1866  71.2175   0.0026  50.0000   0.0026  -882.627
 39  17    353.5    102.5   0.2138   9.1603   0.0233   6.6758   0.0233  -897.811
 39  18    353.4    102.6   0.2117  73.3109   0.0029  50.0000   0.0029  -908.483
 39  19    354.5    101.5   0.2051  74.1644   0.0028  50.0000   0.0028  -886.763
 39  20    349.0    107.0   0.2173  56.1523   0.0039  40.0404   0.0039  -910.256
 39  21    346.3    109.7   0.1790  68.7263   0.0026  50.0000   0.0026  -876.906
 39  22    353.9    102.1   0.2079  73.7087   0.0028  50.0000   0.0028  -899.612
 39  23    352.5    103.5   0.2037  72.7686   0.0028  50.0000   0.0028  -894.139
 39  24    350.1    105.9   0.2021  71.1056   0.0028  50.0000   0.0028  -904.396
 39  25    348.4    107.6   0.1928  70.0303   0.0028  50.0000   0.0028  -896.083
 39  26    349.7    106.3   0.2023  23.9799   0.0084  17.2420   0.0084  -904.891
 39  27    349.7    106.3   0.2023  23.9799   0.0084  17.2420   0.0084  -904.891
 39  28    349.5    106.5   0.1804  70.7953   0.0025  50.0000   0.0025  -883.683
 39  29    347.5    108.5   0.1925  69.4221   0.0028  50.0000   0.0028  -897.091
 39  30    348.3    107.7   0.1990  69.9038   0.0028  50.0000   0.0028  -899.897
 39  31    349.4    106.6   0.1903  70.6596   0.0027  50.0000   0.0027  -890.733
 39  32    350.4    105.6   0.1897  71.3566   0.0027  50.0000   0.0027  -888.083
 39  33    345.9    110.1   0.1900  68.4033   0.0028  50.0000   0.0028  -902.245
 39  34    350.9    105.1   0.1910   9.3490   0.0204   6.9080   0.0204  -889.342
 39  35    357.9     98.1   0.1369   6.5263   0.0210   4.5350   0.0210  -833.183
 39  36    363.3     92.7   0.1610  11.2181   0.0144   7.2277   0.0144  -846.347
 39  37    346.5    109.5   0.1241   2.4702   0.0502   2.0625   0.0502  -849.834
 39  38    327.8    128.2   0.1369  19.7145   0.0069  16.9167   0.0069  -883.066
 40   1    353.6    102.4   0.2670  10.9797   0.0243   8.0161   0.0243  -926.354
 40   2    346.6    109.4   0.2699  68.6420   0.0039  50.0000   0.0039  -947.983
 40   3    351.3    104.7   0.2484  14.5566   0.0171  10.6046   0.0171  -916.463
 40   4    360.3     95.7   0.2755   8.8628   0.0311   6.2307   0.0311  -926.921
 40   5    361.6     94.4   0.2453  79.5974   0.0031  50.0000   0.0031  -911.631
 40   6    358.5     97.5   0.2367   9.5727   0.0247   6.7017   0.0247  -909.514
 40   7    357.7     98.3   0.2381  13.7193   0.0174   9.4306   0.0174  -910.078
 40   8    363.0     93.0   0.2545  80.7445   0.0032  50.0000   0.0032  -914.959
 40   9    347.5    108.5   0.1710   8.3833   0.0204   6.3775   0.0204  -868.871
 40  10    337.5    118.5   0.1445  63.7334   0.0023  50.0000   0.0023  -871.979
 40  11    364.7     91.3   0.2130   7.3149   0.0291   4.9042   0.0291  -868.224
 40  12    355.7    100.3   0.2064   9.5633   0.0216   6.7954   0.0216  -876.249
 40  13    356.3     99.7   0.1590  10.0303   0.0159   6.9487   0.0159  -841.695
 40  14    354.5    101.5   0.1594   9.3972   0.0170   6.6475   0.0170  -845.292
 40  15    356.2     99.8   0.1630   9.5991   0.0170   6.6867   0.0170  -843.695
 40  16    352.8    103.2   0.1507   5.5045   0.0274   4.0863   0.0274  -840.059
 40  17    357.5     98.5   0.1922  12.0064   0.0160   8.2357   0.0160  -873.989
 40  18    358.1     97.9   0.1915  11.0287   0.0174   7.5579   0.0174  -884.741
 40  19    358.3     97.7   0.1795   7.5756   0.0237   5.2948   0.0237  -855.902
 40  20    352.3    103.7   0.1841   7.0747   0.0260   5.2554   0.0260  -877.885
 40  21    351.2    104.8   0.1408  10.3017   0.0137   7.4311   0.0137  -831.416
 40  22    357.8     98.2   0.1845  10.7559   0.0172   7.3853   0.0172  -874.352
 40  23    356.6     99.4   0.1681  10.9525   0.0153   7.5584   0.0153  -855.997
 40  24    353.1    102.9   0.1751  10.1166   0.0173   7.2558   0.0173  -874.429
 40  25    352.6    103.4   0.1660  72.9011   0.0023  50.0000   0.0023  -864.103
 40  26    352.9    103.1   0.1827   8.7479   0.0209   6.3564   0.0209  -878.766
 40  27    352.9    103.1   0.1827   8.7479   0.0209   6.3564   0.0209  -878.766
 40  28    353.4    102.6   0.1618  29.3687   0.0055  20.2070   0.0055  -858.314
 40  29    351.7    104.3   0.1662   8.1918   0.0203   6.0071   0.0203  -864.118
 40  30    352.4    103.6   0.1710   7.3112   0.0234   5.3786   0.0234  -866.554
 40  31    352.3    103.7   0.1764   7.1272   0.0247   5.2692   0.0247  -864.788
 40  32    353.5    102.5   0.1760   7.2277   0.0244   5.2846   0.0244  -861.389
 40  33    349.1    106.9   0.1756   9.1143   0.0193   6.8142   0.0193  -878.562
 40  34    354.3    101.7   0.1680   8.1397   0.0206   5.8353   0.0206  -859.702
 40  35    361.1     94.9   0.1322   4.0863   0.0324   2.8659   0.0324  -819.127
 40  36    367.5     88.5   0.1225   3.3217   0.0369   2.2294   0.0369  -795.976
 40  37    349.4    106.6   0.1069   9.0570   0.0118   6.5971   0.0118  -822.866
 40  38    330.5    125.5   0.0967   9.3361   0.0104   7.9177   0.0104  -842.427
 40  39    357.2     98.8   0.0743  13.6153   0.0055   9.0258   0.0055  -787.078
 41   1    348.8    107.2   0.2756  17.0068   0.0162  12.6222   0.0162  -947.998
 41   2    341.0    115.0   0.3032  21.9248   0.0138  17.2676   0.0138  -975.678
 41   3    347.2    108.8   0.2863  10.3180   0.0277   8.0365   0.0277  -947.740
 41   4    357.7     98.3   0.2698   7.7262   0.0349   5.6311   0.0349  -935.650
 41   5    357.8     98.2   0.2564  25.8306   0.0099  17.2863   0.0099  -931.641
 41   6    354.6    101.4   0.2513  56.1307   0.0045  38.0483   0.0045  -930.926
 41   7    353.8    102.2   0.2527  48.9096   0.0052  33.4685   0.0052  -931.319
 41   8    359.0     97.0   0.2661   9.7792   0.0272   6.8702   0.0272  -934.798
 41   9    342.2    113.8   0.1833   5.8304   0.0314   4.7796   0.0314  -892.718
 41  10    333.8    122.2   0.1519   5.8528   0.0260   5.0375   0.0260  -885.925
 41  11    361.3     94.7   0.2064  14.0236   0.0147   9.2290   0.0147  -880.456
 41  12    352.7    103.3   0.1951   4.8607   0.0401   3.7562   0.0401  -880.412
 41  13    350.4    105.6   0.1718   9.7017   0.0177   7.1353   0.0177  -866.976
 41  14    350.6    105.4   0.1671  19.0593   0.0088  13.6023   0.0088  -866.049
 41  15    351.9    104.1   0.1710  18.6136   0.0092  13.1405   0.0092  -865.741
 41  16    350.0    106.0   0.1598   9.1443   0.0175   6.7451   0.0175  -862.208
 41  17    353.2    102.8   0.1789   8.3344   0.0215   6.0508   0.0215  -881.225
 41  18    352.8    103.2   0.1850   6.8505   0.0270   5.0818   0.0270  -891.289
 41  19    354.6    101.4   0.1745   7.7016   0.0227   5.5435   0.0227  -866.742
 41  20    348.8    107.2   0.1810   9.3481   0.0194   7.0060   0.0194  -886.345
 41  21    345.3    110.7   0.1552   5.9164   0.0262   4.6631   0.0262  -855.478
 41  22    353.6    102.4   0.1687   7.9682   0.0212   5.7629   0.0212  -875.534
 41  23    351.9    104.1   0.1748   6.7054   0.0261   4.9983   0.0261  -874.537
 41  24    349.8    106.2   0.1737   6.0717   0.0286   4.6405   0.0286  -884.788
 41  25    347.7    108.3   0.1641  11.2908   0.0145   8.4230   0.0145  -878.352
 41  26    349.2    106.8   0.1818   5.6489   0.0322   4.3861   0.0322  -889.923
 41  27    349.2    106.8   0.1818   5.6489   0.0322   4.3861   0.0322  -889.923
 41  28    349.0    107.0   0.1521  20.2704   0.0075  14.6216   0.0075  -864.907
 41  29    346.5    109.5   0.1654   7.2038   0.0230   5.5667   0.0230  -877.624
 41  30    347.3    108.7   0.1702  18.4686   0.0092  13.6003   0.0092  -883.507
 41  31    349.0    107.0   0.1763   5.4524   0.0323   4.2432   0.0323  -878.041
 41  32    350.1    105.9   0.1761   5.3517   0.0329   4.1353   0.0329  -875.183
 41  33    345.3    110.7   0.1804   7.0160   0.0257   5.5216   0.0257  -892.429
 41  34    350.6    105.4   0.1739   6.9968   0.0249   5.2549   0.0249  -878.355
 41  35    357.9     98.1   0.1612  11.0160   0.0146   7.4903   0.0146  -856.268
 41  36    363.2     92.8   0.1476  13.8077   0.0107   8.7869   0.0107  -838.358
 41  37    346.0    110.0   0.1279   5.1309   0.0249   4.0043   0.0249  -850.913
 41  38    326.2    129.8   0.1174   2.4319   0.0483   2.3284   0.0483  -864.481
 41  39    354.2    101.8   0.1009   2.2114   0.0456   1.7168   0.0456  -819.439
 41  40    356.9     99.1   0.0651  16.1326   0.0040  10.6713   0.0040  -774.733

