Supplemental results for CODEML (seqf: nad5.pal2nal  treef: )


pairwise comparison (Goldman & Yang 1994)
seq seq        N       S       dN       dS     dN/dS   Paras.
  2   1   1386.1    359.9   0.0403   0.6729   0.0599   0.5121   0.0599 -2971.785
  3   1   1380.4    365.6   0.0645   4.7186   0.0137   3.1169   0.0137 -3190.082
  3   2   1377.3    368.7   0.0804   4.1408   0.0194   2.8137   0.0194 -3270.267
  4   1   1381.8    364.2   0.0484   7.2521   0.0067   4.6525   0.0067 -3098.627
  4   2   1376.4    369.6   0.0685  10.9977   0.0062   7.1469   0.0062 -3211.235
  4   3   1382.8    363.2   0.0399   1.3396   0.0298   0.9309   0.0298 -3005.144
  5   1   1390.5    355.5   0.0603   4.7194   0.0128   3.0271   0.0128 -3153.719
  5   2   1385.8    360.2   0.0768   5.2880   0.0145   3.4558   0.0145 -3244.353
  5   3   1390.4    355.6   0.0490   1.1210   0.0437   0.8020   0.0437 -3041.697
  5   4   1395.2    350.8   0.0352   1.0377   0.0339   0.7098   0.0339 -2946.830
  6   1   1381.5    364.5   0.0549   4.0671   0.0135   2.6771   0.0135 -3144.296
  6   2   1377.3    368.7   0.0722   3.5565   0.0203   2.4239   0.0203 -3235.964
  6   3   1381.1    364.9   0.0480   0.9807   0.0489   0.7288   0.0489 -3039.995
  6   4   1385.7    360.3   0.0324   0.9483   0.0341   0.6642   0.0341 -2951.355
  6   5   1392.9    353.1   0.0230   0.4506   0.0509   0.3284   0.0509 -2788.190
  7   1   1384.4    361.6   0.0558   3.3498   0.0167   2.2142   0.0167 -3136.007
  7   2   1377.7    368.3   0.0740   4.0096   0.0184   2.7122   0.0184 -3238.938
  7   3   1387.1    358.9   0.0477   1.3408   0.0356   0.9407   0.0356 -3048.823
  7   4   1393.4    352.6   0.0293   1.2666   0.0231   0.8374   0.0231 -2936.175
  7   5   1399.7    346.3   0.0273   0.6364   0.0430   0.4444   0.0430 -2830.638
  7   6   1390.4    355.6   0.0215   0.5174   0.0415   0.3674   0.0415 -2783.845
  8   1   1383.1    362.9   0.0567   3.2615   0.0174   2.1686   0.0174 -3144.795
  8   2   1376.5    369.5   0.0757   3.7451   0.0202   2.5567   0.0202 -3249.594
  8   3   1385.7    360.3   0.0494   1.3412   0.0368   0.9479   0.0368 -3061.479
  8   4   1392.0    354.0   0.0309   1.3031   0.0237   0.8664   0.0237 -2953.220
  8   5   1398.3    347.7   0.0289   0.6553   0.0441   0.4610   0.0441 -2849.651
  8   6   1389.1    356.9   0.0230   0.5343   0.0431   0.3827   0.0431 -2803.584
  8   7   1398.0    348.0   0.0014   0.0119   0.1216   0.0106   0.1216 -2251.699
  9   1   1388.8    357.2   0.1905   9.1029   0.0209   6.0416   0.0209 -3582.410
  9   2   1390.7    355.3   0.1975  23.8933   0.0083  15.0589   0.0083 -3617.345
  9   3   1379.9    366.1   0.1975  10.1745   0.0194   6.8680   0.0194 -3608.918
  9   4   1379.4    366.6   0.1790  11.3687   0.0157   7.5862   0.0157 -3544.886
  9   5   1389.1    356.9   0.1886   9.0107   0.0209   5.9762   0.0209 -3564.689
  9   6   1380.0    366.0   0.1833  78.8217   0.0023  50.0000   0.0023 -3575.205
  9   7   1380.4    365.6   0.1869  27.6864   0.0068  17.8352   0.0068 -3577.853
  9   8   1379.1    366.9   0.1870  30.7500   0.0061  19.8284   0.0061 -3583.108
 10   1   1372.1    373.9   0.1830  25.4412   0.0072  16.7761   0.0072 -3574.458
 10   2   1368.6    377.4   0.2028  10.8680   0.0187   7.5245   0.0187 -3643.104
 10   3   1370.1    375.9   0.1941   8.9724   0.0216   6.2522   0.0216 -3599.095
 10   4   1373.8    372.2   0.1853   8.8732   0.0209   6.1119   0.0209 -3550.047
 10   5   1382.0    364.0   0.2002  10.9630   0.0183   7.3319   0.0183 -3587.214
 10   6   1372.1    373.9   0.1919   8.5452   0.0225   5.9420   0.0225 -3588.625
 10   7   1377.8    368.2   0.1917  78.3138   0.0024  50.0000   0.0024 -3574.443
 10   8   1376.3    369.7   0.1909  78.0069   0.0024  50.0000   0.0024 -3580.194
 10   9   1371.7    374.3   0.0914   3.7597   0.0243   2.6334   0.0243 -3275.781
 11   1   1378.4    367.6   0.1854   8.8560   0.0209   6.0334   0.0209 -3584.687
 11   2   1377.4    368.6   0.1992  78.1967   0.0025  50.0000   0.0025 -3635.852
 11   3   1373.4    372.6   0.1901  77.4029   0.0025  50.0000   0.0025 -3598.868
 11   4   1375.3    370.7   0.1790   8.2117   0.0218   5.6535   0.0218 -3545.189
 11   5   1384.0    362.0   0.1912  10.5636   0.0181   7.0249   0.0181 -3574.681
 11   6   1374.5    371.5   0.1875  10.3191   0.0182   7.0291   0.0182 -3586.990
 11   7   1377.9    368.1   0.1895  18.4062   0.0103  12.0911   0.0103 -3581.805
 11   8   1376.5    369.5   0.1897  19.2870   0.0098  12.6951   0.0098 -3586.481
 11   9   1380.3    365.7   0.0849  79.2450   0.0011  50.0000   0.0011 -3254.820
 11  10   1364.6    381.4   0.0845   7.3039   0.0116   4.9843   0.0116 -3261.703
 12   1   1388.9    357.1   0.1842  17.6942   0.0104  11.2953   0.0104 -3547.397
 12   2   1386.2    359.8   0.1999  24.8054   0.0081  15.8100   0.0081 -3610.070
 12   3   1385.9    360.1   0.1967  80.0436   0.0025  50.0000   0.0025 -3575.545
 12   4   1389.1    356.9   0.1836  24.2154   0.0076  15.2891   0.0076 -3510.649
 12   5   1397.3    348.7   0.1935  55.6015   0.0035  33.7737   0.0035 -3535.405
 12   6   1387.3    358.7   0.1912  17.7100   0.0108  11.3693   0.0108 -3556.884
 12   7   1391.9    354.1   0.1916  15.8027   0.0121  10.0738   0.0121 -3542.268
 12   8   1390.3    355.7   0.1917  16.1870   0.0118  10.3500   0.0118 -3548.803
 12   9   1390.0    356.0   0.0852   5.1403   0.0166   3.3477   0.0166 -3217.683
 12  10   1377.9    368.1   0.0778   2.9348   0.0265   2.0404   0.0265 -3183.080
 12  11   1382.1    363.9   0.0412   1.0337   0.0398   0.7441   0.0398 -2989.124
 13   1   1378.6    367.4   0.1860  10.4719   0.0178   7.0510   0.0178 -3555.999
 13   2   1374.2    371.8   0.1997  77.5197   0.0026  50.0000   0.0026 -3618.483
 13   3   1377.6    368.4   0.1944  78.2583   0.0025  50.0000   0.0025 -3570.856
 13   4   1381.8    364.2   0.1841  12.7554   0.0144   8.4182   0.0144 -3513.618
 13   5   1389.7    356.3   0.1922  80.9169   0.0024  50.0000   0.0024 -3535.417
 13   6   1379.7    366.3   0.1891  25.0257   0.0076  16.2003   0.0076 -3553.753
 13   7   1385.9    360.1   0.1886  73.3955   0.0026  45.8594   0.0026 -3535.334
 13   8   1384.4    361.6   0.1890  36.9355   0.0051  23.3982   0.0051 -3541.925
 13   9   1377.7    368.3   0.0899  20.8253   0.0043  13.3916   0.0043 -3246.454
 13  10   1368.6    377.4   0.0737   8.5985   0.0086   5.7491   0.0086 -3175.315
 13  11   1371.5    374.5   0.0397   1.0735   0.0370   0.7845   0.0370 -2994.774
 13  12   1385.4    360.6   0.0347   0.7368   0.0471   0.5392   0.0471 -2873.432
 14   1   1374.8    371.2   0.1809  17.0439   0.0106  11.2977   0.0106 -3558.324
 14   2   1369.8    376.2   0.1961  76.6376   0.0026  50.0000   0.0026 -3624.274
 14   3   1374.8    371.2   0.1886  77.7017   0.0024  50.0000   0.0024 -3572.203
 14   4   1379.9    366.1   0.1745   9.1507   0.0191   6.1705   0.0191 -3506.778
 14   5   1387.3    358.7   0.1835  10.3624   0.0177   6.8244   0.0177 -3529.445
 14   6   1377.4    368.6   0.1822  13.2767   0.0137   8.8400   0.0137 -3552.892
 14   7   1384.5    361.5   0.1835   7.5419   0.0243   5.1211   0.0243 -3537.242
 14   8   1383.0    363.0   0.1838   8.1837   0.0225   5.5408   0.0225 -3543.636
 14   9   1372.9    373.1   0.0803   4.3909   0.0183   3.0041   0.0183 -3224.054
 14  10   1365.6    380.4   0.0798   3.1541   0.0253   2.2489   0.0253 -3213.911
 14  11   1367.6    378.4   0.0383   1.0378   0.0369   0.7648   0.0369 -3000.263
 14  12   1381.7    364.3   0.0340   1.0234   0.0332   0.7213   0.0332 -2922.751
 14  13   1373.6    372.4   0.0316   1.0276   0.0308   0.7320   0.0308 -2920.688
 15   1   1381.5    364.5   0.1875  15.6896   0.0119  10.2711   0.0119 -3560.899
 15   2   1376.2    369.8   0.2062  21.7680   0.0095  14.3179   0.0095 -3635.417
 15   3   1382.1    363.9   0.1911   7.3222   0.0261   5.0318   0.0261 -3561.790
 15   4   1387.7    358.3   0.1791   6.1198   0.0293   4.1943   0.0293 -3499.309
 15   5   1395.0    351.0   0.1887  15.2550   0.0124   9.6515   0.0124 -3528.559
 15   6   1384.9    361.1   0.1847   7.7191   0.0239   5.2286   0.0239 -3541.775
 15   7   1392.3    353.7   0.1832   8.2562   0.0222   5.4556   0.0222 -3518.837
 15   8   1390.8    355.2   0.1833   8.7706   0.0209   5.7910   0.0209 -3525.308
 15   9   1379.6    366.4   0.0846   9.9515   0.0085   6.4661   0.0085 -3231.377
 15  10   1373.6    372.4   0.0789   5.8809   0.0134   3.9489   0.0134 -3199.437
 15  11   1375.2    370.8   0.0425   1.1489   0.0370   0.8324   0.0370 -3025.037
 15  12   1389.9    356.1   0.0486   1.0078   0.0482   0.7326   0.0482 -2993.593
 15  13   1382.0    364.0   0.0423   1.0540   0.0401   0.7596   0.0401 -2966.625
 15  14   1379.3    366.7   0.0398   0.8890   0.0448   0.6545   0.0448 -2943.722
 16   1   1378.3    367.7   0.1788  18.8101   0.0095  12.3074   0.0095 -3547.575
 16   2   1373.6    372.4   0.1975   8.8223   0.0224   6.1109   0.0224 -3618.941
 16   3   1378.4    367.6   0.1852  78.4709   0.0024  50.0000   0.0024 -3559.635
 16   4   1383.6    362.4   0.1749   6.1991   0.0282   4.2755   0.0282 -3497.646
 16   5   1391.1    354.9   0.1883   8.3610   0.0225   5.5491   0.0225 -3535.651
 16   6   1381.1    364.9   0.1834   7.9989   0.0229   5.4504   0.0229 -3547.555
 16   7   1388.2    357.8   0.1822  10.8918   0.0167   7.1307   0.0167 -3529.926
 16   8   1386.7    359.3   0.1826  10.2976   0.0177   6.7920   0.0177 -3535.913
 16   9   1376.6    369.4   0.0969  17.3722   0.0056  11.2567   0.0056 -3286.075
 16  10   1369.7    376.3   0.0887   8.3322   0.0106   5.5967   0.0106 -3253.336
 16  11   1371.6    374.4   0.0526   1.3276   0.0396   0.9781   0.0396 -3093.346
 16  12   1385.8    360.2   0.0455   1.0431   0.0436   0.7540   0.0436 -2993.117
 16  13   1377.8    368.2   0.0504   1.1702   0.0431   0.8598   0.0431 -3037.267
 16  14   1375.0    371.0   0.0491   1.2454   0.0394   0.9098   0.0394 -3038.174
 16  15   1383.2    362.8   0.0424   0.8797   0.0482   0.6491   0.0482 -2964.160
 17   1   1374.9    371.1   0.1819  10.1968   0.0178   6.9314   0.0178 -3539.898
 17   2   1369.0    377.0   0.2016  76.4653   0.0026  50.0000   0.0026 -3621.720
 17   3   1376.0    370.0   0.1885  77.9552   0.0024  50.0000   0.0024 -3554.223
 17   4   1381.8    364.2   0.1814  79.2118   0.0023  50.0000   0.0023 -3500.676
 17   5   1389.0    357.0   0.1883  80.7884   0.0023  50.0000   0.0023 -3522.367
 17   6   1379.1    366.9   0.1809  78.6248   0.0023  50.0000   0.0023 -3526.869
 17   7   1387.1    358.9   0.1850  80.3680   0.0023  50.0000   0.0023 -3523.306
 17   8   1385.6    360.4   0.1859  80.0375   0.0023  50.0000   0.0023 -3529.173
 17   9   1372.0    374.0   0.0805  11.4590   0.0070   7.5526   0.0070 -3216.433
 17  10   1366.7    379.3   0.0763   3.7841   0.0202   2.6454   0.0202 -3188.806
 17  11   1367.9    378.1   0.0709   2.5142   0.0282   1.8001   0.0282 -3182.205
 17  12   1382.3    363.7   0.0758   1.6627   0.0456   1.2191   0.0456 -3132.109
 17  13   1375.1    370.9   0.0733   1.7847   0.0411   1.3107   0.0411 -3127.825
 17  14   1372.9    373.1   0.0738   2.1563   0.0342   1.5563   0.0342 -3158.872
 17  15   1381.0    365.0   0.0706   2.0508   0.0344   1.4538   0.0344 -3127.651
 17  16   1376.6    369.4   0.0763   1.8721   0.0408   1.3687   0.0408 -3164.683
 18   1   1387.2    358.8   0.1658  10.5195   0.0158   6.8808   0.0158 -3489.601
 18   2   1379.4    366.6   0.1820  78.6958   0.0023  50.0000   0.0023 -3568.132
 18   3   1391.0    355.0   0.1795   4.6220   0.0388   3.2485   0.0388 -3509.989
 18   4   1398.4    347.6   0.1705   3.7450   0.0455   2.6464   0.0455 -3445.933
 18   5   1404.7    341.3   0.1832   6.0293   0.0304   3.9778   0.0304 -3484.651
 18   6   1394.5    351.5   0.1801   4.9022   0.0367   3.3918   0.0367 -3503.874
 18   7   1404.2    341.8   0.1761   5.6501   0.0312   3.7435   0.0312 -3471.366
 18   8   1402.6    343.4   0.1763   5.8790   0.0300   3.8937   0.0300 -3478.647
 18   9   1382.8    363.2   0.0927   3.7776   0.0245   2.5777   0.0245 -3243.421
 18  10   1382.3    363.7   0.0745   9.6850   0.0077   6.2295   0.0077 -3153.962
 18  11   1381.4    364.6   0.0651   4.1448   0.0157   2.7510   0.0157 -3144.168
 18  12   1397.3    348.7   0.0666   2.5058   0.0266   1.6612   0.0266 -3081.822
 18  13   1391.1    354.9   0.0618   2.9894   0.0207   1.9707   0.0207 -3066.331
 18  14   1389.3    356.7   0.0620   2.8753   0.0215   1.9102   0.0215 -3083.652
 18  15   1398.0    348.0   0.0624   9.7519   0.0064   5.9806   0.0064 -3073.812
 18  16   1393.3    352.7   0.0633   6.9025   0.0092   4.3346   0.0092 -3096.211
 18  17   1392.0    354.0   0.0674   1.8660   0.0361   1.2962   0.0361 -3073.254
 19   1   1369.0    377.0   0.1820   5.7812   0.0315   4.1727   0.0315 -3572.878
 19   2   1366.6    379.4   0.1998  16.3854   0.0122  11.1519   0.0122 -3643.428
 19   3   1365.7    380.3   0.1902  75.8294   0.0025  50.0000   0.0025 -3599.531
 19   4   1368.5    377.5   0.1807  12.4784   0.0145   8.5190   0.0145 -3547.745
 19   5   1377.0    369.0   0.1937  18.7320   0.0103  12.3345   0.0103 -3585.147
 19   6   1367.3    378.7   0.1851  14.7921   0.0125  10.0606   0.0125 -3582.019
 19   7   1372.0    374.0   0.1884  21.3161   0.0088  14.1438   0.0088 -3580.977
 19   8   1370.5    375.5   0.1885  21.9057   0.0086  14.5771   0.0086 -3586.407
 19   9   1369.5    376.5   0.0728   5.0230   0.0145   3.4204   0.0145 -3208.969
 19  10   1356.3    389.7   0.0652  13.4986   0.0048   9.1904   0.0048 -3183.247
 19  11   1361.0    385.0   0.0665   3.1086   0.0214   2.2118   0.0214 -3200.994
 19  12   1373.6    372.4   0.0678   1.7640   0.0385   1.2888   0.0385 -3150.811
 19  13   1363.6    382.4   0.0674   2.2622   0.0298   1.6442   0.0298 -3164.026
 19  14   1360.3    385.7   0.0641   2.1952   0.0292   1.6047   0.0292 -3163.048
 19  15   1368.2    377.8   0.0673   1.9010   0.0354   1.3924   0.0354 -3159.019
 19  16   1364.4    381.6   0.0726   1.9481   0.0372   1.4475   0.0372 -3192.722
 19  17   1361.1    384.9   0.0486   1.3707   0.0355   1.0203   0.0355 -3065.139
 19  18   1375.8    370.2   0.0626   2.8290   0.0221   1.9475   0.0221 -3125.157
 20   1   1384.7    361.3   0.1866   6.0800   0.0307   4.2189   0.0307 -3561.743
 20   2   1383.1    362.9   0.2027   8.4648   0.0239   5.7596   0.0239 -3626.420
 20   3   1380.0    366.0   0.1861  78.8081   0.0024  50.0000   0.0024 -3567.503
 20   4   1382.4    363.6   0.1837  10.6908   0.0172   7.1157   0.0172 -3531.268
 20   5   1391.0    355.0   0.1918  81.2305   0.0024  50.0000   0.0024 -3553.657
 20   6   1381.2    364.8   0.1889  10.2201   0.0185   6.8538   0.0185 -3567.644
 20   7   1384.7    361.3   0.1884  10.9441   0.0172   7.2416   0.0172 -3554.472
 20   8   1383.2    362.8   0.1889   8.2016   0.0230   5.5608   0.0230 -3559.794
 20   9   1386.7    359.3   0.0794   7.9229   0.0100   5.0799   0.0100 -3205.870
 20  10   1372.0    374.0   0.0602   2.5205   0.0239   1.7617   0.0239 -3123.692
 20  11   1377.3    368.7   0.0673   2.1465   0.0314   1.5190   0.0314 -3167.272
 20  12   1389.9    356.1   0.0675   2.5150   0.0268   1.7001   0.0268 -3126.810
 20  13   1379.2    366.8   0.0662   2.1930   0.0302   1.5390   0.0302 -3123.710
 20  14   1375.1    370.9   0.0663   2.5656   0.0258   1.7916   0.0258 -3148.023
 20  15   1382.9    363.1   0.0654   2.4073   0.0272   1.6570   0.0272 -3121.694
 20  16   1379.1    366.9   0.0754   2.1753   0.0347   1.5500   0.0347 -3182.389
 20  17   1375.4    370.6   0.0558   1.9269   0.0290   1.3588   0.0290 -3081.808
 20  18   1389.4    356.6   0.0610   2.4841   0.0246   1.6680   0.0246 -3077.660
 20  19   1368.2    377.8   0.0241   0.6775   0.0356   0.4966   0.0356 -2877.414
 21   1   1382.4    363.6   0.1796   9.4053   0.0191   6.3023   0.0191 -3540.136
 21   2   1378.4    367.6   0.1977  22.8299   0.0087  14.8870   0.0087 -3613.210
 21   3   1380.9    365.1   0.1832  79.0207   0.0023  50.0000   0.0023 -3548.866
 21   4   1385.2    360.8   0.1782   9.3617   0.0190   6.2269   0.0190 -3500.791
 21   5   1393.1    352.9   0.1870  12.5058   0.0150   8.0303   0.0150 -3524.435
 21   6   1383.0    363.0   0.1847  10.8143   0.0171   7.1834   0.0171 -3542.765
 21   7   1388.9    357.1   0.1829  12.9920   0.0141   8.4083   0.0141 -3523.524
 21   8   1387.3    358.7   0.1829  14.9181   0.0123   9.6293   0.0123 -3530.068
 21   9   1382.1    363.9   0.0721   8.5438   0.0084   5.5129   0.0084 -3171.322
 21  10   1372.7    373.3   0.0596   2.4564   0.0242   1.7162   0.0242 -3111.351
 21  11   1375.7    370.3   0.0629   2.6517   0.0237   1.8357   0.0237 -3137.228
 21  12   1389.7    356.3   0.0650   1.9628   0.0331   1.3566   0.0331 -3092.515
 21  13   1380.5    365.5   0.0615  10.0360   0.0061   6.4479   0.0061 -3093.343
 21  14   1377.3    368.7   0.0618   2.0557   0.0301   1.4486   0.0301 -3096.239
 21  15   1385.6    360.4   0.0608   2.7313   0.0223   1.8358   0.0223 -3085.820
 21  16   1381.4    364.6   0.0726   2.1327   0.0340   1.5084   0.0340 -3145.732
 21  17   1378.5    367.5   0.0532   1.9113   0.0278   1.3329   0.0278 -3047.438
 21  18   1394.4    351.6   0.0573   2.5776   0.0222   1.6944   0.0222 -3039.201
 21  19   1367.8    378.2   0.0188   0.7351   0.0256   0.5219   0.0256 -2842.309
 21  20   1383.5    362.5   0.0163   0.8505   0.0191   0.5684   0.0191 -2811.806
 22   1   1382.2    363.8   0.1794  11.0666   0.0162   7.3429   0.0162 -3541.362
 22   2   1378.2    367.8   0.1966  25.0367   0.0079  16.2868   0.0079 -3611.644
 22   3   1380.8    365.2   0.1831  78.9855   0.0023  50.0000   0.0023 -3550.024
 22   4   1385.1    360.9   0.1782   9.5980   0.0186   6.3761   0.0186 -3502.141
 22   5   1392.9    353.1   0.1868  19.2007   0.0097  12.0949   0.0097 -3525.654
 22   6   1382.8    363.2   0.1846  11.3857   0.0162   7.5431   0.0162 -3544.046
 22   7   1388.7    357.3   0.1828  15.6099   0.0117  10.0191   0.0117 -3524.810
 22   8   1387.2    358.8   0.1828  17.8008   0.0103  11.4109   0.0103 -3531.314
 22   9   1381.9    364.1   0.0729   8.4920   0.0086   5.4852   0.0086 -3175.362
 22  10   1372.5    373.5   0.0604   2.3509   0.0257   1.6513   0.0257 -3115.312
 22  11   1375.5    370.5   0.0637   2.5111   0.0254   1.7491   0.0254 -3140.852
 22  12   1389.6    356.4   0.0658   1.9848   0.0332   1.3727   0.0332 -3096.851
 22  13   1380.4    365.6   0.0625   3.6833   0.0170   2.4623   0.0170 -3096.311
 22  14   1377.1    368.9   0.0627   2.0168   0.0311   1.4266   0.0311 -3099.948
 22  15   1385.5    360.5   0.0616   2.7827   0.0221   1.8703   0.0221 -3090.346
 22  16   1381.2    364.8   0.0734   2.1798   0.0337   1.5405   0.0337 -3149.734
 22  17   1378.3    367.7   0.0540   1.9413   0.0278   1.3543   0.0278 -3052.133
 22  18   1394.2    351.8   0.0581   2.6085   0.0223   1.7158   0.0223 -3044.366
 22  19   1367.6    378.4   0.0196   0.7348   0.0266   0.5237   0.0266 -2845.535
 22  20   1383.3    362.7   0.0170   0.8488   0.0200   0.5694   0.0200 -2816.868
 22  21   1384.4    361.6   0.0007   0.0168   0.0434   0.0122   0.0434 -2225.812
 23   1   1386.6    359.4   0.1843  12.9373   0.0142   8.4276   0.0142 -3543.015
 23   2   1385.7    360.3   0.1961  49.5062   0.0040  31.1181   0.0040 -3595.770
 23   3   1381.1    364.9   0.1913   8.1928   0.0234   5.5906   0.0234 -3560.957
 23   4   1382.6    363.4   0.1839  10.5039   0.0175   6.9960   0.0175 -3512.405
 23   5   1391.8    354.2   0.1885  15.3283   0.0123   9.7795   0.0123 -3526.162
 23   6   1381.8    364.2   0.1915   7.7518   0.0247   5.3055   0.0247 -3554.032
 23   7   1384.5    361.5   0.1878   8.8190   0.0213   5.9248   0.0213 -3536.612
 23   8   1383.0    363.0   0.1881   8.9389   0.0210   6.0228   0.0210 -3543.096
 23   9   1389.3    356.7   0.0807   2.4827   0.0325   1.7143   0.0325 -3180.608
 23  10   1372.9    373.1   0.0759   7.6352   0.0099   5.0734   0.0099 -3181.218
 23  11   1379.1    366.9   0.0593   1.6184   0.0366   1.1607   0.0366 -3103.646
 23  12   1391.5    354.5   0.0626   1.8217   0.0344   1.2593   0.0344 -3080.527
 23  13   1379.9    366.1   0.0573   1.6722   0.0343   1.1878   0.0343 -3061.747
 23  14   1375.6    370.4   0.0584   1.8786   0.0311   1.3335   0.0311 -3085.397
 23  15   1383.7    362.3   0.0570   2.0566   0.0277   1.4158   0.0277 -3074.630
 23  16   1379.8    366.2   0.0627   2.0014   0.0313   1.4078   0.0313 -3108.485
 23  17   1375.5    370.5   0.0592   1.6099   0.0368   1.1648   0.0368 -3077.833
 23  18   1389.3    356.7   0.0552   1.3216   0.0418   0.9419   0.0418 -3008.004
 23  19   1369.4    376.6   0.0507   1.1760   0.0431   0.8802   0.0431 -3049.106
 23  20   1386.8    359.2   0.0513   1.5939   0.0322   1.1058   0.0322 -3042.165
 23  21   1384.8    361.2   0.0515   1.6740   0.0307   1.1615   0.0307 -3025.981
 23  22   1384.6    361.4   0.0507   1.6942   0.0299   1.1726   0.0299 -3023.272
 24   1   1398.9    347.1   0.1635  18.3425   0.0089  11.3323   0.0089 -3475.262
 24   2   1398.1    347.9   0.1862   7.7325   0.0241   5.0700   0.0241 -3554.662
 24   3   1393.5    352.5   0.1793  81.8483   0.0022  50.0000   0.0022 -3515.824
 24   4   1395.4    350.6   0.1674  75.6567   0.0022  45.9758   0.0022 -3454.957
 24   5   1404.4    341.6   0.1832  84.4260   0.0022  50.0000   0.0022 -3493.765
 24   6   1394.3    351.7   0.1851  24.2267   0.0076  15.0831   0.0076 -3523.327
 24   7   1396.9    349.1   0.1803  52.3203   0.0034  31.8165   0.0034 -3499.426
 24   8   1395.4    350.6   0.1804  39.4421   0.0046  24.1955   0.0046 -3506.138
 24   9   1402.0    344.0   0.0777   5.9294   0.0131   3.6916   0.0131 -3165.205
 24  10   1386.4    359.6   0.0661  11.7601   0.0056   7.4228   0.0056 -3124.987
 24  11   1392.3    353.7   0.0536   2.2177   0.0242   1.4761   0.0242 -3074.014
 24  12   1405.0    341.0   0.0543   1.6209   0.0335   1.0806   0.0335 -3008.691
 24  13   1393.5    352.5   0.0534   2.3408   0.0228   1.5456   0.0228 -3031.448
 24  14   1388.9    357.1   0.0550   2.9254   0.0188   1.9262   0.0188 -3062.262
 24  15   1397.0    349.0   0.0501   6.3421   0.0079   3.9227   0.0079 -3022.369
 24  16   1393.1    352.9   0.0528   2.1829   0.0242   1.4500   0.0242 -3044.602
 24  17   1388.6    357.4   0.0557   2.3191   0.0240   1.5569   0.0240 -3044.874
 24  18   1402.5    343.5   0.0454   2.4713   0.0184   1.5677   0.0184 -2962.388
 24  19   1382.9    363.1   0.0474  13.0261   0.0036   8.2393   0.0036 -3054.688
 24  20   1400.1    345.9   0.0478   2.8102   0.0170   1.7848   0.0170 -3012.930
 24  21   1398.3    347.7   0.0440   2.9160   0.0151   1.8480   0.0151 -2979.280
 24  22   1398.1    347.9   0.0449   2.5400   0.0177   1.6261   0.0177 -2983.245
 24  23   1402.5    343.5   0.0467   1.4152   0.0330   0.9477   0.0330 -2969.690
 25   1   1382.6    363.4   0.1684  10.0813   0.0167   6.6942   0.0167 -3508.730
 25   2   1379.3    366.7   0.1910  10.3101   0.0185   6.9487   0.0185 -3592.442
 25   3   1380.5    365.5   0.1814  78.9269   0.0023  50.0000   0.0023 -3538.366
 25   4   1384.3    361.7   0.1651  10.4856   0.0157   6.9092   0.0157 -3464.360
 25   5   1392.5    353.5   0.1817  10.9043   0.0167   7.0578   0.0167 -3508.935
 25   6   1382.4    363.6   0.1803  12.9803   0.0139   8.5386   0.0139 -3528.361
 25   7   1387.7    358.3   0.1795  14.9618   0.0120   9.6399   0.0120 -3512.895
 25   8   1386.1    359.9   0.1796  16.7883   0.0107  10.8085   0.0107 -3519.375
 25   9   1382.9    363.1   0.0784   8.7358   0.0090   5.6370   0.0090 -3195.181
 25  10   1372.2    373.8   0.0668   1.9948   0.0335   1.4387   0.0335 -3138.408
 25  11   1375.8    370.2   0.0552   1.4722   0.0375   1.0669   0.0375 -3084.995
 25  12   1389.6    356.4   0.0568   1.3839   0.0410   0.9830   0.0410 -3032.102
 25  13   1380.0    366.0   0.0538   2.5066   0.0215   1.7039   0.0215 -3055.425
 25  14   1376.5    369.5   0.0540   1.9825   0.0272   1.3862   0.0272 -3071.153
 25  15   1384.8    361.2   0.0512   2.8752   0.0178   1.9061   0.0178 -3053.308
 25  16   1380.6    365.4   0.0522   1.5628   0.0334   1.1050   0.0334 -3049.080
 25  17   1377.4    368.6   0.0531   1.6080   0.0330   1.1440   0.0330 -3031.231
 25  18   1393.1    352.9   0.0475   1.7302   0.0274   1.1628   0.0274 -2984.361
 25  19   1367.6    378.4   0.0443   1.7940   0.0247   1.2706   0.0247 -3055.054
 25  20   1383.6    362.4   0.0445   1.8292   0.0243   1.2446   0.0243 -3017.789
 25  21   1384.2    361.8   0.0430   1.8291   0.0235   1.2391   0.0235 -2992.247
 25  22   1384.0    362.0   0.0437   1.8660   0.0234   1.2645   0.0234 -2997.838
 25  23   1384.9    361.1   0.0433   1.3011   0.0333   0.9102   0.0333 -2978.853
 25  24   1398.6    347.4   0.0213   1.0213   0.0209   0.6609   0.0209 -2810.720
 26   1   1382.8    363.2   0.1688   7.1919   0.0235   4.8895   0.0235 -3509.990
 26   2   1379.4    366.6   0.1887   9.4289   0.0200   6.3863   0.0200 -3587.627
 26   3   1380.6    365.4   0.1833  78.9500   0.0023  50.0000   0.0023 -3544.588
 26   4   1384.4    361.6   0.1661  10.0100   0.0166   6.6150   0.0166 -3469.447
 26   5   1392.5    353.5   0.1827  12.5413   0.0146   8.0541   0.0146 -3513.611
 26   6   1382.4    363.6   0.1813  14.0834   0.0129   9.2285   0.0129 -3533.077
 26   7   1387.7    358.3   0.1795  15.6650   0.0115  10.0716   0.0115 -3514.407
 26   8   1386.2    359.8   0.1796  16.9893   0.0106  10.9314   0.0106 -3520.811
 26   9   1383.0    363.0   0.0794  14.5806   0.0054   9.2828   0.0054 -3203.098
 26  10   1372.3    373.7   0.0678   1.8236   0.0372   1.3309   0.0372 -3140.828
 26  11   1375.9    370.1   0.0600   1.4014   0.0428   1.0329   0.0428 -3099.912
 26  12   1389.7    356.3   0.0585   1.3950   0.0419   0.9937   0.0419 -3043.206
 26  13   1380.0    366.0   0.0538   2.0158   0.0267   1.3952   0.0267 -3052.054
 26  14   1376.6    369.4   0.0531   2.0366   0.0261   1.4184   0.0261 -3069.628
 26  15   1384.9    361.1   0.0553   1.9596   0.0282   1.3474   0.0282 -3069.601
 26  16   1380.7    365.3   0.0530   1.5468   0.0343   1.0965   0.0343 -3050.101
 26  17   1377.5    368.5   0.0564   1.6268   0.0347   1.1636   0.0347 -3054.410
 26  18   1393.1    352.9   0.0474   1.8405   0.0258   1.2295   0.0258 -2990.870
 26  19   1367.7    378.3   0.0443   1.6334   0.0272   1.1661   0.0272 -3054.545
 26  20   1383.7    362.3   0.0461   1.7726   0.0260   1.2129   0.0260 -3026.597
 26  21   1384.3    361.7   0.0446   1.7115   0.0260   1.1698   0.0260 -3003.004
 26  22   1384.1    361.9   0.0454   1.7776   0.0255   1.2133   0.0255 -3008.620
 26  23   1385.0    361.0   0.0473   1.2749   0.0371   0.9033   0.0371 -2995.284
 26  24   1398.7    347.3   0.0231   1.0402   0.0222   0.6764   0.0222 -2830.725
 26  25   1383.9    362.1   0.0051   0.0895   0.0575   0.0679   0.0575 -2370.964
 27   1   1387.9    358.1   0.1804   9.5681   0.0189   6.3169   0.0189 -3518.046
 27   2   1385.4    360.6   0.1946  33.0580   0.0059  20.9474   0.0059 -3582.749
 27   3   1384.5    361.5   0.1915  79.7656   0.0024  50.0000   0.0024 -3546.663
 27   4   1387.5    358.5   0.1777   8.4521   0.0210   5.6299   0.0210 -3476.012
 27   5   1396.1    349.9   0.1896  82.4171   0.0023  50.0000   0.0023 -3508.156
 27   6   1385.9    360.1   0.1852   8.3686   0.0221   5.6185   0.0221 -3524.897
 27   7   1390.3    355.7   0.1844   7.6562   0.0241   5.1201   0.0241 -3506.254
 27   8   1388.7    357.3   0.1846   8.4415   0.0219   5.6225   0.0219 -3513.560
 27   9   1389.2    356.8   0.0807   6.6891   0.0121   4.2934   0.0121 -3181.845
 27  10   1376.5    369.5   0.0653   2.3257   0.0281   1.6310   0.0281 -3108.848
 27  11   1381.1    364.9   0.0576   2.3090   0.0249   1.5843   0.0249 -3099.669
 27  12   1394.5    351.5   0.0510   1.6856   0.0303   1.1403   0.0303 -2997.255
 27  13   1384.1    361.9   0.0516   1.8721   0.0275   1.2868   0.0275 -3013.416
 27  14   1380.3    365.7   0.0531   1.5427   0.0344   1.0951   0.0344 -3031.678
 27  15   1388.5    357.5   0.0552   1.4206   0.0389   1.0043   0.0389 -3022.295
 27  16   1384.4    361.6   0.0544   2.2262   0.0244   1.5125   0.0244 -3052.311
 27  17   1380.8    365.2   0.0554   1.1074   0.0501   0.8264   0.0501 -3001.524
 27  18   1395.8    350.2   0.0445   1.1353   0.0392   0.7898   0.0392 -2908.645
 27  19   1372.3    373.7   0.0463   1.4103   0.0328   1.0147   0.0328 -3029.156
 27  20   1389.0    357.0   0.0481   1.9021   0.0253   1.2814   0.0253 -3011.438
 27  21   1388.6    357.4   0.0436   1.2186   0.0358   0.8524   0.0358 -2949.382
 27  22   1388.4    357.6   0.0444   1.2770   0.0348   0.8905   0.0348 -2955.972
 27  23   1390.5    355.5   0.0315   0.5904   0.0534   0.4360   0.0534 -2803.938
 27  24   1404.2    341.8   0.0403   1.3749   0.0293   0.9047   0.0293 -2914.292
 27  25   1388.4    357.6   0.0385   1.2688   0.0304   0.8714   0.0304 -2925.610
 27  26   1388.5    357.5   0.0409   1.1307   0.0361   0.7921   0.0361 -2932.953
 28   1   1381.7    364.3   0.1760  12.2621   0.0144   8.0933   0.0144 -3523.867
 28   2   1378.9    367.1   0.1913  17.5402   0.0109  11.5159   0.0109 -3587.702
 28   3   1378.7    367.3   0.1820  78.5362   0.0023  50.0000   0.0023 -3540.762
 28   4   1381.9    364.1   0.1745   9.0071   0.0194   6.0498   0.0194 -3487.074
 28   5   1390.5    355.5   0.1833  28.7792   0.0064  18.0191   0.0064 -3513.794
 28   6   1380.3    365.7   0.1817  10.0597   0.0181   6.7526   0.0181 -3533.339
 28   7   1385.0    361.0   0.1790   9.2413   0.0194   6.1586   0.0194 -3512.435
 28   8   1383.5    362.5   0.1793   7.5490   0.0238   5.1287   0.0238 -3517.930
 28   9   1382.5    363.5   0.0719   5.7325   0.0125   3.7516   0.0125 -3163.026
 28  10   1370.3    375.7   0.0598   2.1983   0.0272   1.5600   0.0272 -3103.955
 28  11   1374.6    371.4   0.0481   1.8027   0.0267   1.2641   0.0267 -3063.053
 28  12   1388.0    358.0   0.0499   1.3288   0.0375   0.9362   0.0375 -3005.918
 28  13   1377.9    368.1   0.0491   2.1131   0.0232   1.4527   0.0232 -3030.448
 28  14   1374.3    371.7   0.0471   1.5271   0.0308   1.0864   0.0308 -3023.716
 28  15   1382.5    363.5   0.0474   1.5595   0.0304   1.0867   0.0304 -3016.231
 28  16   1378.3    367.7   0.0548   1.8367   0.0298   1.2901   0.0298 -3065.075
 28  17   1374.9    371.1   0.0497   1.1110   0.0447   0.8257   0.0447 -3009.329
 28  18   1390.2    355.8   0.0400   1.3605   0.0294   0.9272   0.0294 -2932.721
 28  19   1365.9    380.1   0.0385   1.4404   0.0267   1.0309   0.0267 -3012.224
 28  20   1382.4    363.6   0.0394   1.9689   0.0200   1.3236   0.0200 -2987.743
 28  21   1382.3    363.7   0.0365   1.4865   0.0245   1.0155   0.0245 -2946.077
 28  22   1382.1    363.9   0.0373   1.4996   0.0248   1.0260   0.0248 -2951.293
 28  23   1383.6    362.4   0.0294   0.6220   0.0473   0.4573   0.0473 -2824.639
 28  24   1397.4    348.6   0.0336   1.1550   0.0291   0.7724   0.0291 -2886.893
 28  25   1382.0    364.0   0.0316   1.3180   0.0240   0.8993   0.0240 -2914.474
 28  26   1382.1    363.9   0.0355   1.2560   0.0282   0.8696   0.0282 -2936.991
 28  27   1386.8    359.2   0.0217   0.4559   0.0476   0.3332   0.0476 -2712.549
 29   1   1377.6    368.4   0.1841  13.1347   0.0140   8.7502   0.0140 -3555.186
 29   2   1373.1    372.9   0.1998  37.3339   0.0054  24.3909   0.0054 -3620.612
 29   3   1376.9    369.1   0.1917  78.1285   0.0025  50.0000   0.0025 -3570.477
 29   4   1381.6    364.4   0.1827   4.3035   0.0424   3.1278   0.0424 -3510.082
 29   5   1389.5    356.5   0.1947   7.2985   0.0267   4.9358   0.0267 -3546.110
 29   6   1379.4    366.6   0.1930   6.8200   0.0283   4.7535   0.0283 -3565.971
 29   7   1386.0    360.0   0.1876   9.1564   0.0205   6.1098   0.0205 -3539.075
 29   8   1384.6    361.4   0.1876  10.3060   0.0182   6.8468   0.0182 -3545.792
 29   9   1376.3    369.7   0.0808   3.9641   0.0204   2.7092   0.0204 -3213.842
 29  10   1368.0    378.0   0.0625   2.2146   0.0282   1.5851   0.0282 -3120.673
 29  11   1370.6    375.4   0.0581   1.6365   0.0355   1.1924   0.0355 -3115.922
 29  12   1384.6    361.4   0.0551   1.5352   0.0359   1.0844   0.0359 -3046.321
 29  13   1376.1    369.9   0.0537   1.5154   0.0354   1.0899   0.0354 -3042.582
 29  14   1373.4    372.6   0.0561   1.2193   0.0460   0.9130   0.0460 -3048.840
 29  15   1381.4    364.6   0.0521   1.5361   0.0339   1.0860   0.0339 -3036.127
 29  16   1377.2    368.8   0.0551   1.7556   0.0314   1.2430   0.0314 -3067.131
 29  17   1374.8    371.2   0.0507   1.2462   0.0407   0.9145   0.0407 -3017.425
 29  18   1391.1    354.9   0.0408   1.0539   0.0387   0.7402   0.0387 -2912.941
 29  19   1363.0    383.0   0.0450   1.2018   0.0374   0.8963   0.0374 -3039.209
 29  20   1378.2    367.8   0.0443   1.6679   0.0266   1.1589   0.0266 -3022.507
 29  21   1380.0    366.0   0.0428   1.2648   0.0339   0.8971   0.0339 -2974.814
 29  22   1379.8    366.2   0.0436   1.2393   0.0352   0.8832   0.0352 -2979.151
 29  23   1378.8    367.2   0.0359   0.6840   0.0524   0.5165   0.0524 -2887.300
 29  24   1392.2    353.8   0.0336   1.4045   0.0239   0.9342   0.0239 -2914.194
 29  25   1379.2    366.8   0.0348   1.1906   0.0292   0.8328   0.0292 -2925.235
 29  26   1379.3    366.7   0.0367   1.1667   0.0315   0.8222   0.0315 -2940.041
 29  27   1383.2    362.8   0.0256   0.5450   0.0471   0.4007   0.0471 -2767.166
 29  28   1377.0    369.0   0.0203   0.6451   0.0314   0.4569   0.0314 -2789.117
 30   1   1384.2    361.8   0.1792  14.1324   0.0127   9.2115   0.0127 -3524.715
 30   2   1381.8    364.2   0.1943  33.1034   0.0059  21.1765   0.0059 -3587.945
 30   3   1380.8    365.2   0.1858  78.9721   0.0024  50.0000   0.0024 -3544.301
 30   4   1383.6    362.4   0.1780   4.6626   0.0382   3.3266   0.0382 -3484.897
 30   5   1392.3    353.7   0.1875  17.2708   0.0109  10.9459   0.0109 -3515.723
 30   6   1382.2    363.8   0.1860   8.2483   0.0225   5.5973   0.0225 -3534.800
 30   7   1386.6    359.4   0.1812   9.0584   0.0200   6.0250   0.0200 -3510.625
 30   8   1385.1    360.9   0.1812  10.7622   0.0168   7.1042   0.0168 -3517.372
 30   9   1385.2    360.8   0.0784   3.3328   0.0235   2.2524   0.0235 -3181.927
 30  10   1372.3    373.7   0.0620   2.6587   0.0233   1.8531   0.0233 -3106.296
 30  11   1377.0    369.0   0.0520   1.8319   0.0284   1.2845   0.0284 -3073.380
 30  12   1390.0    356.0   0.0537   1.4440   0.0372   1.0114   0.0372 -3016.135
 30  13   1379.8    366.2   0.0506   1.5716   0.0322   1.1089   0.0322 -3010.279
 30  14   1376.2    369.8   0.0527   1.3282   0.0397   0.9684   0.0397 -3021.280
 30  15   1384.2    361.8   0.0521   1.8751   0.0278   1.2894   0.0278 -3029.952
 30  16   1380.2    365.8   0.0570   1.6657   0.0342   1.1822   0.0342 -3063.558
 30  17   1376.7    369.3   0.0487   1.2338   0.0395   0.8982   0.0395 -2998.071
 30  18   1391.6    354.4   0.0360   1.1813   0.0305   0.8055   0.0305 -2896.103
 30  19   1368.2    377.8   0.0424   1.1888   0.0356   0.8713   0.0356 -3005.429
 30  20   1384.7    361.3   0.0401   1.9869   0.0202   1.3288   0.0202 -2986.424
 30  21   1384.2    361.8   0.0386   1.4528   0.0266   0.9949   0.0266 -2943.419
 30  22   1384.1    361.9   0.0394   1.4190   0.0278   0.9762   0.0278 -2947.541
 30  23   1385.8    360.2   0.0310   0.6477   0.0479   0.4746   0.0479 -2832.713
 30  24   1399.5    346.5   0.0350   1.5204   0.0230   0.9892   0.0230 -2908.320
 30  25   1383.9    362.1   0.0315   1.2477   0.0253   0.8511   0.0253 -2899.196
 30  26   1384.0    362.0   0.0338   1.1883   0.0285   0.8195   0.0285 -2913.563
 30  27   1388.7    357.3   0.0261   0.5091   0.0513   0.3748   0.0513 -2748.452
 30  28   1382.2    363.8   0.0164   0.5678   0.0288   0.3938   0.0288 -2727.059
 30  29   1378.9    367.1   0.0141   0.2305   0.0614   0.1789   0.0614 -2568.505
 31   1   1384.2    361.8   0.1784  21.2369   0.0084  13.6278   0.0084 -3530.805
 31   2   1380.7    365.3   0.1973  36.4712   0.0054  23.3609   0.0054 -3603.835
 31   3   1382.2    363.8   0.1906  79.2635   0.0024  50.0000   0.0024 -3560.089
 31   4   1386.1    359.9   0.1809   6.7304   0.0269   4.5925   0.0269 -3499.762
 31   5   1394.1    351.9   0.1928  14.0903   0.0137   8.9804   0.0137 -3532.331
 31   6   1384.2    361.8   0.1913   8.8168   0.0217   5.9365   0.0217 -3553.132
 31   7   1389.7    356.3   0.1863  10.6381   0.0175   6.9574   0.0175 -3526.381
 31   8   1388.2    357.8   0.1864  11.1074   0.0168   7.2731   0.0168 -3533.085
 31   9   1384.1    361.9   0.0760  24.8262   0.0031  15.6175   0.0031 -3182.654
 31  10   1373.8    372.2   0.0583   2.9450   0.0198   2.0209   0.0198 -3102.768
 31  11   1377.2    368.8   0.0543   1.6793   0.0323   1.1927   0.0323 -3090.467
 31  12   1390.8    355.2   0.0514   1.7530   0.0293   1.1928   0.0293 -3024.435
 31  13   1381.5    364.5   0.0501   1.6323   0.0307   1.1412   0.0307 -3020.943
 31  14   1378.3    367.7   0.0509   1.5453   0.0329   1.0967   0.0329 -3036.602
 31  15   1386.3    359.7   0.0479   1.4393   0.0333   1.0036   0.0333 -3001.991
 31  16   1382.2    363.8   0.0574   1.4635   0.0392   1.0512   0.0392 -3062.566
 31  17   1379.4    366.6   0.0445   1.1780   0.0378   0.8475   0.0378 -2971.714
 31  18   1394.8    351.2   0.0382   1.4566   0.0262   0.9705   0.0262 -2916.489
 31  19   1369.2    376.8   0.0392   1.5836   0.0248   1.1177   0.0248 -3015.321
 31  20   1384.8    361.2   0.0385   1.9590   0.0196   1.3071   0.0196 -2983.410
 31  21   1385.6    360.4   0.0387   1.8530   0.0209   1.2397   0.0209 -2963.488
 31  22   1385.4    360.6   0.0395   1.7419   0.0227   1.1733   0.0227 -2966.899
 31  23   1385.9    360.1   0.0301   0.7303   0.0412   0.5234   0.0412 -2854.660
 31  24   1399.3    346.7   0.0296   1.4428   0.0205   0.9305   0.0205 -2878.812
 31  25   1385.1    360.9   0.0291   1.3959   0.0209   0.9349   0.0209 -2895.441
 31  26   1385.2    360.8   0.0310   1.2754   0.0243   0.8645   0.0243 -2904.893
 31  27   1389.6    356.4   0.0245   0.6496   0.0378   0.4564   0.0378 -2775.181
 31  28   1383.3    362.7   0.0163   0.7992   0.0204   0.5369   0.0204 -2782.507
 31  29   1380.8    365.2   0.0141   0.5199   0.0271   0.3596   0.0271 -2698.100
 31  30   1385.2    360.8   0.0133   0.5813   0.0228   0.3919   0.0228 -2705.699
 32   1   1383.8    362.2   0.1738  13.1523   0.0132   8.5990   0.0132 -3510.009
 32   2   1380.3    365.7   0.1911  10.6851   0.0179   7.1677   0.0179 -3581.021
 32   3   1381.6    364.4   0.1821  79.1644   0.0023  50.0000   0.0023 -3531.150
 32   4   1385.3    360.7   0.1749  12.2783   0.0142   8.0261   0.0142 -3477.013
 32   5   1393.5    352.5   0.1835   4.2411   0.0433   3.0079   0.0433 -3493.273
 32   6   1383.4    362.6   0.1832   8.4461   0.0217   5.6981   0.0217 -3524.746
 32   7   1388.7    357.3   0.1786   6.7054   0.0266   4.5430   0.0266 -3497.343
 32   8   1387.1    358.9   0.1787   6.8126   0.0262   4.6267   0.0262 -3504.300
 32   9   1383.9    362.1   0.0731   2.5736   0.0284   1.7748   0.0284 -3155.067
 32  10   1373.2    372.8   0.0595   2.1543   0.0276   1.5204   0.0276 -3096.099
 32  11   1376.8    369.2   0.0505   1.8763   0.0269   1.3096   0.0269 -3066.676
 32  12   1390.6    355.4   0.0541   1.5405   0.0351   1.0700   0.0351 -3017.149
 32  13   1380.9    365.1   0.0494   1.5065   0.0328   1.0623   0.0328 -3001.236
 32  14   1377.6    368.4   0.0479   1.5653   0.0306   1.1041   0.0306 -3010.315
 32  15   1385.9    360.1   0.0512   1.8959   0.0270   1.2949   0.0270 -3020.398
 32  16   1381.7    364.3   0.0543   1.6371   0.0332   1.1538   0.0332 -3041.374
 32  17   1378.5    367.5   0.0469   1.4376   0.0326   1.0188   0.0326 -2997.075
 32  18   1394.1    351.9   0.0374   1.2304   0.0304   0.8336   0.0304 -2895.621
 32  19   1368.6    377.4   0.0368   1.2400   0.0297   0.8906   0.0297 -2983.035
 32  20   1384.7    361.3   0.0362   1.4798   0.0244   1.0047   0.0244 -2954.839
 32  21   1385.3    360.7   0.0348   1.3987   0.0248   0.9497   0.0248 -2922.107
 32  22   1385.1    360.9   0.0355   1.3929   0.0255   0.9484   0.0255 -2926.739
 32  23   1385.8    360.2   0.0278   0.6050   0.0459   0.4406   0.0459 -2802.817
 32  24   1399.5    346.5   0.0321   1.4426   0.0223   0.9360   0.0223 -2881.536
 32  25   1384.9    361.1   0.0318   1.1557   0.0275   0.7927   0.0275 -2896.835
 32  26   1384.9    361.1   0.0321   1.2308   0.0261   0.8401   0.0261 -2905.470
 32  27   1389.4    356.6   0.0238   0.6566   0.0362   0.4591   0.0362 -2762.320
 32  28   1382.9    363.1   0.0141   0.6969   0.0202   0.4682   0.0202 -2736.208
 32  29   1380.3    365.7   0.0179   0.6172   0.0290   0.4302   0.0290 -2744.576
 32  30   1384.9    361.1   0.0155   0.5516   0.0282   0.3792   0.0282 -2705.849
 32  31   1386.2    359.8   0.0125   0.6839   0.0183   0.4526   0.0183 -2715.673
 33   1   1382.4    363.6   0.1799  17.9412   0.0100  11.6353   0.0100 -3531.926
 33   2   1378.5    367.5   0.1964  20.7798   0.0094  13.5874   0.0094 -3599.209
 33   3   1380.9    365.1   0.1904  78.9800   0.0024  50.0000   0.0024 -3555.752
 33   4   1385.0    361.0   0.1797  10.6370   0.0169   7.0255   0.0169 -3493.448
 33   5   1393.0    353.0   0.1911   7.6866   0.0249   5.1191   0.0249 -3524.370
 33   6   1382.9    363.1   0.1893  10.7218   0.0177   7.1398   0.0177 -3546.240
 33   7   1388.6    357.4   0.1844   8.3740   0.0220   5.5819   0.0220 -3519.020
 33   8   1387.1    358.9   0.1845   8.5847   0.0215   5.7339   0.0215 -3525.791
 33   9   1382.1    363.9   0.0804  18.3370   0.0044  11.6549   0.0044 -3196.524
 33  10   1372.5    373.5   0.0628   2.3289   0.0270   1.6429   0.0270 -3117.009
 33  11   1375.6    370.4   0.0567   2.1499   0.0264   1.5022   0.0264 -3104.650
 33  12   1389.7    356.3   0.0572   1.5044   0.0380   1.0577   0.0380 -3036.231
 33  13   1380.3    365.7   0.0557   1.8623   0.0299   1.3022   0.0299 -3047.077
 33  14   1377.1    368.9   0.0557   1.5109   0.0369   1.0895   0.0369 -3053.213
 33  15   1385.5    360.5   0.0575   1.6426   0.0350   1.1544   0.0350 -3047.390
 33  16   1381.2    364.8   0.0607   1.6145   0.0376   1.1559   0.0376 -3069.208
 33  17   1378.2    367.8   0.0517   1.3611   0.0380   0.9825   0.0380 -3020.187
 33  18   1394.2    351.8   0.0398   1.3078   0.0304   0.8858   0.0304 -2917.605
 33  19   1367.6    378.4   0.0391   1.3310   0.0294   0.9572   0.0294 -3003.835
 33  20   1383.5    362.5   0.0393   1.7150   0.0229   1.1614   0.0229 -2981.479
 33  21   1384.5    361.5   0.0386   1.6402   0.0235   1.1104   0.0235 -2956.235
 33  22   1384.4    361.6   0.0394   1.6357   0.0241   1.1100   0.0241 -2961.272
 33  23   1384.6    361.4   0.0347   0.7071   0.0491   0.5217   0.0491 -2870.821
 33  24   1398.3    347.7   0.0342   1.2896   0.0265   0.8525   0.0265 -2894.152
 33  25   1384.1    361.9   0.0353   1.1733   0.0301   0.8136   0.0301 -2926.975
 33  26   1384.1    361.9   0.0341   1.2421   0.0275   0.8535   0.0275 -2926.814
 33  27   1388.5    357.5   0.0276   0.7679   0.0359   0.5376   0.0359 -2818.156
 33  28   1382.1    363.9   0.0193   0.7572   0.0255   0.5194   0.0255 -2788.979
 33  29   1379.7    366.3   0.0201   0.7240   0.0278   0.5033   0.0278 -2789.765
 33  30   1384.0    362.0   0.0193   0.6191   0.0311   0.4309   0.0311 -2754.359
 33  31   1385.4    360.6   0.0132   0.7005   0.0189   0.4655   0.0189 -2725.510
 33  32   1385.1    360.9   0.0095   0.2051   0.0465   0.1499   0.0465 -2506.431
 34   1   1382.4    363.6   0.1799  17.9412   0.0100  11.6353   0.0100 -3531.926
 34   2   1378.5    367.5   0.1964  20.7798   0.0094  13.5875   0.0094 -3599.209
 34   3   1380.9    365.1   0.1904  78.9800   0.0024  50.0000   0.0024 -3555.752
 34   4   1385.0    361.0   0.1797  10.6370   0.0169   7.0254   0.0169 -3493.448
 34   5   1393.0    353.0   0.1911   7.6866   0.0249   5.1191   0.0249 -3524.370
 34   6   1382.9    363.1   0.1893  10.7218   0.0177   7.1398   0.0177 -3546.240
 34   7   1388.6    357.4   0.1844   8.3740   0.0220   5.5819   0.0220 -3519.020
 34   8   1387.1    358.9   0.1845   8.5847   0.0215   5.7339   0.0215 -3525.791
 34   9   1382.1    363.9   0.0804  18.3370   0.0044  11.6549   0.0044 -3196.524
 34  10   1372.5    373.5   0.0628   2.3289   0.0270   1.6429   0.0270 -3117.009
 34  11   1375.6    370.4   0.0567   2.1499   0.0264   1.5022   0.0264 -3104.650
 34  12   1389.7    356.3   0.0572   1.5044   0.0380   1.0577   0.0380 -3036.231
 34  13   1380.3    365.7   0.0557   1.8623   0.0299   1.3022   0.0299 -3047.077
 34  14   1377.1    368.9   0.0557   1.5109   0.0369   1.0895   0.0369 -3053.213
 34  15   1385.5    360.5   0.0575   1.6426   0.0350   1.1544   0.0350 -3047.390
 34  16   1381.2    364.8   0.0607   1.6145   0.0376   1.1559   0.0376 -3069.208
 34  17   1378.2    367.8   0.0517   1.3611   0.0380   0.9825   0.0380 -3020.187
 34  18   1394.2    351.8   0.0398   1.3078   0.0304   0.8858   0.0304 -2917.605
 34  19   1367.6    378.4   0.0391   1.3310   0.0294   0.9572   0.0294 -3003.835
 34  20   1383.5    362.5   0.0393   1.7150   0.0229   1.1614   0.0229 -2981.479
 34  21   1384.5    361.5   0.0386   1.6402   0.0235   1.1104   0.0235 -2956.235
 34  22   1384.4    361.6   0.0394   1.6357   0.0241   1.1100   0.0241 -2961.272
 34  23   1384.6    361.4   0.0347   0.7071   0.0491   0.5217   0.0491 -2870.821
 34  24   1398.3    347.7   0.0342   1.2896   0.0265   0.8525   0.0265 -2894.152
 34  25   1384.1    361.9   0.0353   1.1733   0.0301   0.8136   0.0301 -2926.975
 34  26   1384.1    361.9   0.0341   1.2421   0.0275   0.8535   0.0275 -2926.814
 34  27   1388.5    357.5   0.0276   0.7679   0.0359   0.5376   0.0359 -2818.156
 34  28   1382.1    363.9   0.0193   0.7572   0.0255   0.5194   0.0255 -2788.979
 34  29   1379.7    366.3   0.0201   0.7240   0.0278   0.5033   0.0278 -2789.765
 34  30   1384.0    362.0   0.0193   0.6191   0.0311   0.4309   0.0311 -2754.359
 34  31   1385.4    360.6   0.0132   0.7005   0.0189   0.4655   0.0189 -2725.510
 34  32   1385.1    360.9   0.0095   0.2051   0.0465   0.1499   0.0465 -2506.431
 34  33   1384.4    361.6   0.0000   0.0000   0.6359   0.0000   0.6359 -2168.109
 35   1   1388.7    357.3   0.1795  10.4167   0.0172   6.8233   0.0172 -3539.301
 35   2   1383.7    362.3   0.1849  14.2613   0.0130   9.3184   0.0130 -3583.699
 35   3   1389.1    356.9   0.1849  80.8218   0.0023  50.0000   0.0023 -3551.706
 35   4   1394.4    351.6   0.1717  18.2953   0.0094  11.4625   0.0094 -3480.915
 35   5   1401.5    344.5   0.1814   8.3999   0.0216   5.4091   0.0216 -3506.585
 35   6   1391.7    354.3   0.1834   9.6751   0.0190   6.3277   0.0190 -3535.528
 35   7   1398.9    347.1   0.1801   6.2000   0.0290   4.1301   0.0290 -3506.748
 35   8   1397.5    348.5   0.1802   6.0916   0.0296   4.0808   0.0296 -3513.172
 35   9   1386.9    359.1   0.1219  12.5042   0.0097   8.0048   0.0097 -3365.560
 35  10   1380.7    365.3   0.1093  28.1939   0.0039  17.9548   0.0039 -3312.792
 35  11   1382.3    363.7   0.1237  18.5345   0.0067  11.8760   0.0067 -3374.243
 35  12   1396.4    349.6   0.1237  28.1916   0.0044  17.2293   0.0044 -3322.956
 35  13   1388.7    357.3   0.1284  16.3208   0.0079  10.3254   0.0079 -3342.384
 35  14   1386.2    359.8   0.1269  12.8868   0.0098   8.2702   0.0098 -3352.598
 35  15   1394.3    351.7   0.1260  21.7316   0.0058  13.4350   0.0058 -3333.409
 35  16   1390.0    356.0   0.1245  17.6807   0.0070  11.1115   0.0070 -3344.891
 35  17   1387.9    358.1   0.1140  12.0002   0.0095   7.6547   0.0095 -3291.075
 35  18   1404.3    341.7   0.1137   6.1005   0.0186   3.8556   0.0186 -3250.865
 35  19   1375.4    370.6   0.1132   9.2229   0.0123   6.1404   0.0123 -3340.159
 35  20   1389.8    356.2   0.1103  81.2662   0.0014  50.0000   0.0014 -3296.602
 35  21   1392.3    353.7   0.1116   9.5848   0.0116   6.0922   0.0116 -3281.537
 35  22   1392.1    353.9   0.1106  10.2029   0.0108   6.4686   0.0108 -3279.214
 35  23   1390.5    355.5   0.1104   7.1464   0.0155   4.6293   0.0155 -3280.592
 35  24   1403.5    342.5   0.1052  25.6662   0.0041  15.3596   0.0041 -3241.493
 35  25   1391.5    354.5   0.1064  16.5307   0.0064  10.3227   0.0064 -3263.274
 35  26   1391.6    354.4   0.1083  17.2808   0.0063  10.7825   0.0063 -3274.418
 35  27   1395.2    350.8   0.1102   8.1085   0.0136   5.1516   0.0136 -3251.348
 35  28   1389.3    356.7   0.1028  34.2156   0.0030  21.2154   0.0030 -3254.113
 35  29   1388.4    357.6   0.1029   7.8592   0.0131   5.0752   0.0131 -3254.865
 35  30   1391.1    354.9   0.1010  15.3414   0.0066   9.5976   0.0066 -3237.038
 35  31   1393.1    352.9   0.1041  11.8016   0.0088   7.4053   0.0088 -3247.465
 35  32   1392.6    353.4   0.1032   7.6419   0.0135   4.8876   0.0135 -3238.452
 35  33   1392.2    353.8   0.1077  13.5594   0.0079   8.5013   0.0079 -3261.055
 35  34   1392.2    353.8   0.1077  13.5595   0.0079   8.5013   0.0079 -3261.055
 36   1   1389.2    356.8   0.1861  11.0784   0.0168   7.2351   0.0168 -3545.678
 36   2   1382.4    363.6   0.1941  79.2924   0.0024  50.0000   0.0024 -3599.932
 36   3   1392.1    353.9   0.1883  81.4863   0.0023  50.0000   0.0023 -3546.933
 36   4   1398.9    347.1   0.1756  12.2636   0.0143   7.7350   0.0143 -3476.608
 36   5   1405.3    340.7   0.1877  84.6393   0.0022  50.0000   0.0022 -3507.047
 36   6   1395.5    350.5   0.1881  36.4863   0.0052  22.4263   0.0052 -3534.416
 36   7   1404.4    341.6   0.1839  15.4554   0.0119   9.5145   0.0119 -3501.298
 36   8   1402.9    343.1   0.1840  17.3231   0.0106  10.6548   0.0106 -3508.168
 36   9   1385.6    360.4   0.1233  80.2638   0.0015  50.0000   0.0015 -3364.865
 36  10   1383.5    362.5   0.1109  10.2024   0.0109   6.6177   0.0109 -3307.768
 36  11   1383.3    362.7   0.1273   8.3522   0.0152   5.5078   0.0152 -3375.709
 36  12   1398.4    347.6   0.1232  13.6848   0.0090   8.4700   0.0090 -3309.502
 36  13   1392.0    354.0   0.1267  17.9643   0.0071  11.2287   0.0071 -3325.688
 36  14   1390.1    355.9   0.1238   9.1039   0.0136   5.8630   0.0136 -3329.423
 36  15   1398.4    347.6   0.1181  33.0723   0.0036  20.0362   0.0036 -3297.837
 36  16   1393.9    352.1   0.1286  18.3054   0.0070  11.3825   0.0070 -3346.509
 36  17   1392.6    353.4   0.1169   9.2548   0.0126   5.8993   0.0126 -3283.326
 36  18   1410.2    335.8   0.1075   5.6547   0.0190   3.5229   0.0190 -3209.900
 36  19   1377.4    368.6   0.1127   9.0965   0.0124   6.0274   0.0124 -3329.628
 36  20   1390.9    355.1   0.1071  48.9582   0.0022  30.1289   0.0022 -3276.871
 36  21   1395.2    350.8   0.1082   7.2109   0.0150   4.6056   0.0150 -3255.337
 36  22   1395.1    350.9   0.1073   7.3895   0.0145   4.7131   0.0145 -3253.068
 36  23   1391.0    355.0   0.1103   6.1241   0.0180   3.9989   0.0180 -3267.705
 36  24   1403.8    342.2   0.1030   6.7062   0.0154   4.1911   0.0154 -3221.895
 36  25   1394.0    352.0   0.1041  42.9268   0.0024  26.2093   0.0024 -3244.178
 36  26   1394.1    351.9   0.1042  27.6950   0.0038  16.9956   0.0038 -3249.142
 36  27   1397.0    349.0   0.1099   8.3354   0.0132   5.2627   0.0132 -3237.769
 36  28   1391.4    354.6   0.1013  30.6891   0.0033  18.9418   0.0033 -3237.061
 36  29   1391.9    354.1   0.1041   6.9110   0.0151   4.4537   0.0151 -3245.010
 36  30   1392.9    353.1   0.1006   6.0266   0.0167   3.8970   0.0167 -3220.399
 36  31   1395.8    350.2   0.0984  10.8454   0.0091   6.7620   0.0091 -3213.195
 36  32   1395.1    350.9   0.1010   9.4651   0.0107   5.9485   0.0107 -3217.210
 36  33   1395.1    350.9   0.1019  10.1636   0.0100   6.3727   0.0100 -3226.173
 36  34   1395.1    350.9   0.1019  10.1636   0.0100   6.3727   0.0100 -3226.173
 36  35   1404.8    341.2   0.0295   0.6212   0.0474   0.4353   0.0474 -2786.729
 37   1   1374.0    372.0   0.1761   7.8375   0.0225   5.4257   0.0225 -3584.810
 37   2   1374.4    371.6   0.1798   5.4800   0.0328   3.9236   0.0328 -3608.611
 37   3   1367.0    379.0   0.1793  76.1328   0.0024  50.0000   0.0024 -3604.354
 37   4   1367.1    378.9   0.1705  10.7607   0.0158   7.4066   0.0158 -3557.928
 37   5   1376.3    369.7   0.1766   8.1359   0.0217   5.5853   0.0217 -3575.994
 37   6   1367.4    378.6   0.1752   6.2807   0.0279   4.4976   0.0279 -3581.233
 37   7   1369.2    376.8   0.1750   6.9595   0.0251   4.9177   0.0251 -3576.469
 37   8   1367.8    378.2   0.1750   7.3980   0.0237   5.2183   0.0237 -3581.310
 37   9   1377.0    369.0   0.1297   6.2388   0.0208   4.2619   0.0208 -3435.199
 37  10   1357.5    388.5   0.1197   7.5868   0.0158   5.3433   0.0158 -3411.706
 37  11   1365.1    380.9   0.1352   6.7514   0.0200   4.7351   0.0200 -3465.241
 37  12   1375.3    370.7   0.1262  25.5371   0.0049  16.5632   0.0049 -3409.003
 37  13   1363.6    382.4   0.1298  11.1495   0.0116   7.6305   0.0116 -3426.095
 37  14   1359.6    386.4   0.1279  74.8614   0.0017  50.0000   0.0017 -3435.215
 37  15   1366.9    379.1   0.1278  39.1897   0.0033  25.8284   0.0033 -3426.626
 37  16   1363.8    382.2   0.1316  22.3203   0.0059  14.9643   0.0059 -3444.849
 37  17   1359.3    386.7   0.1203   8.1210   0.0148   5.6765   0.0148 -3398.975
 37  18   1371.5    374.5   0.1156  30.6283   0.0038  19.9810   0.0038 -3368.687
 37  19   1354.7    391.3   0.1141   7.9221   0.0144   5.5919   0.0144 -3403.123
 37  20   1371.4    374.6   0.1144  11.2459   0.0102   7.5072   0.0102 -3380.904
 37  21   1368.1    377.9   0.1131   8.0038   0.0141   5.4630   0.0141 -3366.983
 37  22   1367.9    378.1   0.1140   8.6501   0.0132   5.8878   0.0132 -3371.103
 37  23   1373.4    372.6   0.1152  31.1330   0.0037  20.2046   0.0037 -3368.884
 37  24   1386.6    359.4   0.1122  11.0821   0.0101   7.1108   0.0101 -3344.923
 37  25   1368.6    377.4   0.1081   9.3449   0.0116   6.3133   0.0116 -3352.924
 37  26   1368.7    377.3   0.1073   9.7522   0.0110   6.5744   0.0110 -3352.619
 37  27   1374.2    371.8   0.1123  42.9481   0.0026  27.7008   0.0026 -3344.343
 37  28   1367.7    378.3   0.1081  51.1109   0.0021  33.4751   0.0021 -3349.819
 37  29   1362.8    383.2   0.1103   7.6259   0.0145   5.2794   0.0145 -3365.259
 37  30   1370.4    375.6   0.1100   8.5844   0.0128   5.7992   0.0128 -3346.231
 37  31   1370.0    376.0   0.1108   8.8428   0.0125   5.9737   0.0125 -3357.305
 37  32   1369.4    376.6   0.1061  17.7461   0.0060  11.7314   0.0060 -3335.145
 37  33   1368.0    378.0   0.1118  23.0622   0.0048  15.2429   0.0048 -3360.302
 37  34   1368.0    378.0   0.1118  23.0622   0.0048  15.2429   0.0048 -3360.302
 37  35   1374.3    371.7   0.0865  77.9633   0.0011  50.0000   0.0011 -3278.694
 37  36   1374.1    371.9   0.0829   4.7356   0.0175   3.2215   0.0175 -3253.195
 38   1   1387.0    359.0   0.1837   8.8576   0.0207   5.9023   0.0207 -3550.398
 38   2   1382.9    363.1   0.1930   7.6863   0.0251   5.2535   0.0251 -3600.666
 38   3   1385.7    360.3   0.1966  80.0152   0.0025  50.0000   0.0025 -3581.810
 38   4   1389.9    356.1   0.1798  10.2687   0.0175   6.7125   0.0175 -3504.877
 38   5   1397.7    348.3   0.1946  82.7743   0.0024  50.0000   0.0024 -3546.293
 38   6   1387.7    358.3   0.1928   5.8148   0.0332   4.0393   0.0332 -3560.634
 38   7   1393.6    352.4   0.1879   6.6162   0.0284   4.4557   0.0284 -3535.538
 38   8   1392.1    353.9   0.1880   6.5464   0.0287   4.4302   0.0287 -3541.909
 38   9   1386.5    359.5   0.1299  80.4478   0.0016  50.0000   0.0016 -3384.616
 38  10   1377.4    368.6   0.1180  21.2526   0.0056  13.7395   0.0056 -3339.519
 38  11   1380.4    365.6   0.1375  31.7355   0.0043  20.2607   0.0043 -3414.516
 38  12   1394.3    351.7   0.1267  14.3020   0.0089   8.9467   0.0089 -3326.809
 38  13   1385.1    360.9   0.1331   8.9103   0.0149   5.8414   0.0149 -3353.015
 38  14   1382.1    363.9   0.1386  79.4491   0.0017  50.0000   0.0017 -3389.323
 38  15   1390.5    355.5   0.1333  13.1008   0.0102   8.3209   0.0102 -3356.280
 38  16   1386.3    359.7   0.1364   8.1839   0.0167   5.3833   0.0167 -3378.834
 38  17   1383.2    362.8   0.1183  14.1948   0.0083   9.1291   0.0083 -3311.889
 38  18   1399.3    346.7   0.1183  83.4552   0.0014  50.0000   0.0014 -3276.334
 38  19   1372.6    373.4   0.1215   6.8612   0.0177   4.6890   0.0177 -3362.605
 38  20   1388.1    357.9   0.1252   9.6013   0.0130   6.2022   0.0130 -3340.795
 38  21   1389.3    356.7   0.1190  27.6090   0.0043  17.2033   0.0043 -3308.109
 38  22   1389.2    356.8   0.1199  31.0479   0.0039  19.3222   0.0039 -3311.764
 38  23   1389.1    356.9   0.1217  18.4581   0.0066  11.6107   0.0066 -3314.971
 38  24   1402.6    343.4   0.1075  24.9284   0.0043  14.9657   0.0043 -3253.337
 38  25   1388.8    357.2   0.1030  24.7466   0.0042  15.4320   0.0042 -3256.606
 38  26   1388.9    357.1   0.1041  26.7571   0.0039  16.6667   0.0039 -3264.794
 38  27   1393.0    353.0   0.1075  28.1538   0.0038  17.3348   0.0038 -3245.365
 38  28   1386.8    359.2   0.1102  20.2995   0.0054  12.7927   0.0054 -3279.602
 38  29   1384.6    361.4   0.1105  10.2202   0.0108   6.6095   0.0108 -3282.913
 38  30   1388.6    357.4   0.1068  11.0694   0.0096   7.0534   0.0096 -3256.258
 38  31   1390.1    355.9   0.1045  15.5560   0.0067   9.7618   0.0067 -3252.863
 38  32   1389.7    356.3   0.1091  20.3966   0.0053  12.7464   0.0053 -3260.778
 38  33   1389.1    356.9   0.1082  14.7810   0.0073   9.3215   0.0073 -3263.829
 38  34   1389.1    356.9   0.1082  14.7810   0.0073   9.3215   0.0073 -3263.829
 38  35   1397.0    349.0   0.0960   2.3231   0.0413   1.6235   0.0413 -3214.182
 38  36   1400.0    346.0   0.0916   4.7085   0.0194   3.0192   0.0194 -3193.113
 38  37   1372.8    373.2   0.0901   9.9773   0.0090   6.6109   0.0090 -3288.356
 39   1   1375.5    370.5   0.1757  77.8870   0.0023  50.0000   0.0023 -3556.775
 39   2   1366.5    379.5   0.1894  75.9935   0.0025  50.0000   0.0025 -3619.779
 39   3   1381.2    364.8   0.1895  79.0468   0.0024  50.0000   0.0024 -3586.097
 39   4   1389.3    356.7   0.1749  56.1147   0.0031  34.8068   0.0031 -3515.306
 39   5   1394.8    351.2   0.1860  82.1158   0.0023  50.0000   0.0023 -3542.321
 39   6   1385.5    360.5   0.1822  80.0147   0.0023  50.0000   0.0023 -3554.618
 39   7   1396.7    349.3   0.1831  82.5892   0.0022  50.0000   0.0022 -3536.632
 39   8   1395.4    350.6   0.1830  82.2626   0.0022  50.0000   0.0022 -3542.426
 39   9   1368.7    377.3   0.1316  76.6457   0.0017  50.0000   0.0017 -3424.149
 39  10   1370.8    375.2   0.1143   4.8252   0.0237   3.3797   0.0237 -3351.052
 39  11   1368.6    377.4   0.1288  30.3735   0.0042  19.9961   0.0042 -3416.335
 39  12   1383.7    362.3   0.1246  19.3082   0.0065  12.3165   0.0065 -3356.702
 39  13   1379.5    366.5   0.1280  19.4020   0.0066  12.5208   0.0066 -3366.916
 39  14   1379.0    367.0   0.1239  78.8189   0.0016  50.0000   0.0016 -3367.830
 39  15   1387.0    359.0   0.1240  80.5742   0.0015  50.0000   0.0015 -3354.455
 39  16   1382.7    363.3   0.1285  29.7992   0.0043  18.9089   0.0043 -3381.211
 39  17   1382.7    363.3   0.1202   8.3560   0.0144   5.5013   0.0144 -3331.510
 39  18   1401.1    344.9   0.1123   6.4986   0.0173   4.1215   0.0173 -3271.238
 39  19   1363.9    382.1   0.1150   8.4072   0.0137   5.7892   0.0137 -3371.258
 39  20   1375.5    370.5   0.1152   8.3964   0.0137   5.6178   0.0137 -3345.274
 39  21   1381.9    364.1   0.1095   6.5085   0.0168   4.3318   0.0168 -3304.469
 39  22   1381.7    364.3   0.1104   6.3788   0.0173   4.2548   0.0173 -3308.430
 39  23   1374.4    371.6   0.1186  14.4523   0.0082   9.5075   0.0082 -3341.780
 39  24   1386.7    359.3   0.1044  16.6097   0.0063  10.5029   0.0063 -3280.963
 39  25   1380.2    365.8   0.1039  27.4136   0.0038  17.4781   0.0038 -3290.640
 39  26   1380.2    365.8   0.1049  31.1298   0.0034  19.8147   0.0034 -3297.693
 39  27   1381.9    364.1   0.1054  79.5247   0.0013  50.0000   0.0013 -3273.037
 39  28   1377.0    369.0   0.1030  36.8799   0.0028  23.6280   0.0028 -3287.257
 39  29   1380.1    365.9   0.1013  10.7763   0.0094   7.0144   0.0094 -3276.875
 39  30   1378.6    367.4   0.1015  13.2621   0.0077   8.6136   0.0077 -3270.951
 39  31   1382.7    363.3   0.1018  13.7949   0.0074   8.8529   0.0074 -3271.299
 39  32   1381.3    364.7   0.1018  16.2689   0.0063  10.4368   0.0063 -3266.610
 39  33   1381.6    364.4   0.1028  16.4025   0.0063  10.5138   0.0063 -3277.373
 39  34   1381.6    364.4   0.1028  16.4025   0.0063  10.5138   0.0063 -3277.373
 39  35   1393.8    352.2   0.0966   3.6367   0.0266   2.4319   0.0266 -3242.134
 39  36   1401.1    344.9   0.0940   6.4919   0.0145   4.0735   0.0145 -3222.559
 39  37   1358.7    387.3   0.0846  34.9666   0.0024  23.4695   0.0024 -3296.758
 39  38   1387.1    358.9   0.0809   2.8101   0.0288   1.9257   0.0288 -3195.599
 40   1   1377.0    369.0   0.1807   7.4380   0.0243   5.1434   0.0243 -3553.915
 40   2   1369.2    376.8   0.1923   6.4034   0.0300   4.5980   0.0300 -3611.767
 40   3   1380.7    365.3   0.1928  78.9263   0.0024  50.0000   0.0024 -3580.782
 40   4   1387.8    358.2   0.1776  30.4781   0.0058  19.1804   0.0058 -3509.940
 40   5   1394.1    351.9   0.1884  81.9455   0.0023  50.0000   0.0023 -3535.873
 40   6   1384.3    361.7   0.1838  79.7536   0.0023  50.0000   0.0023 -3548.092
 40   7   1394.1    351.9   0.1833  59.1991   0.0031  36.2348   0.0031 -3529.907
 40   8   1392.6    353.4   0.1835  36.0315   0.0051  22.3174   0.0051 -3535.960
 40   9   1372.3    373.7   0.1276   7.7229   0.0165   5.2600   0.0165 -3398.721
 40  10   1371.2    374.8   0.1150  77.2184   0.0015  50.0000   0.0015 -3347.392
 40  11   1370.6    375.4   0.1316   6.8280   0.0193   4.7138   0.0193 -3414.881
 40  12   1385.8    360.2   0.1298  80.2827   0.0016  50.0000   0.0016 -3363.293
 40  13   1379.8    366.2   0.1256   5.3497   0.0235   3.6638   0.0235 -3345.595
 40  14   1378.4    367.6   0.1263  78.6875   0.0016  50.0000   0.0016 -3370.588
 40  15   1386.8    359.2   0.1220  80.5509   0.0015  50.0000   0.0015 -3343.990
 40  16   1382.4    363.6   0.1294  79.5508   0.0016  50.0000   0.0016 -3378.502
 40  17   1381.3    364.7   0.1145  12.3722   0.0093   8.0250   0.0093 -3311.774
 40  18   1399.5    346.5   0.1085   7.5370   0.0144   4.7485   0.0144 -3264.937
 40  19   1364.8    381.2   0.1142   7.3942   0.0154   5.1109   0.0154 -3359.136
 40  20   1377.9    368.1   0.1110  78.6494   0.0014  50.0000   0.0014 -3321.895
 40  21   1382.9    363.1   0.1093   9.0315   0.0121   5.8939   0.0121 -3294.430
 40  22   1382.7    363.3   0.1084   9.0716   0.0119   5.9197   0.0119 -3292.006
 40  23   1377.7    368.3   0.1138   8.9659   0.0127   5.9430   0.0127 -3315.879
 40  24   1390.7    355.3   0.1030  81.5070   0.0013  50.0000   0.0013 -3267.426
 40  25   1381.6    364.4   0.1047  79.4703   0.0013  50.0000   0.0013 -3283.348
 40  26   1381.7    364.3   0.1062  79.4679   0.0013  50.0000   0.0013 -3293.772
 40  27   1384.2    361.8   0.1075   5.3941   0.0199   3.6090   0.0199 -3269.834
 40  28   1378.7    367.3   0.1027  78.8508   0.0013  50.0000   0.0013 -3277.593
 40  29   1380.1    365.9   0.1054  79.1260   0.0013  50.0000   0.0013 -3287.336
 40  30   1380.3    365.7   0.1042   6.0765   0.0171   4.0648   0.0171 -3271.241
 40  31   1383.7    362.3   0.1051  79.9090   0.0013  50.0000   0.0013 -3279.928
 40  32   1382.7    363.3   0.1041  79.6944   0.0013  50.0000   0.0013 -3268.449
 40  33   1382.7    363.3   0.1077  79.6934   0.0014  50.0000   0.0014 -3287.922
 40  34   1382.7    363.3   0.1075  79.6943   0.0013  50.0000   0.0013 -3287.922
 40  35   1393.5    352.5   0.0953   3.3577   0.0284   2.2617   0.0284 -3227.938
 40  36   1399.5    346.5   0.0902   3.2831   0.0275   2.1713   0.0275 -3188.374
 40  37   1360.9    385.1   0.0914   5.1747   0.0177   3.6377   0.0177 -3304.360
 40  38   1388.0    358.0   0.0840   4.3091   0.0195   2.8513   0.0195 -3197.207
 40  39   1391.4    354.6   0.0706   5.3905   0.0131   3.4533   0.0131 -3161.381
 41   1   1389.3    356.7   0.1718  19.8591   0.0086  12.5815   0.0086 -3513.598
 41   2   1385.6    360.4   0.1828  37.9670   0.0048  23.9481   0.0048 -3569.708
 41   3   1387.7    358.3   0.1826  80.5103   0.0023  50.0000   0.0023 -3541.474
 41   4   1392.0    354.0   0.1681  26.8774   0.0063  16.7520   0.0063 -3470.192
 41   5   1399.7    346.3   0.1791  46.7683   0.0038  28.2610   0.0038 -3497.842
 41   6   1389.9    356.1   0.1747  10.5228   0.0166   6.8557   0.0166 -3513.348
 41   7   1395.7    350.3   0.1716  80.7891   0.0021  49.0340   0.0021 -3490.271
 41   8   1394.3    351.7   0.1716  82.0545   0.0021  50.0000   0.0021 -3497.104
 41   9   1389.1    356.9   0.1153  28.0685   0.0041  17.4890   0.0041 -3329.493
 41  10   1379.6    366.4   0.1032  79.0351   0.0013  50.0000   0.0013 -3284.462
 41  11   1382.6    363.4   0.1199  79.6232   0.0015  50.0000   0.0015 -3357.407
 41  12   1396.1    349.9   0.1171  82.6945   0.0014  50.0000   0.0014 -3291.656
 41  13   1387.4    358.6   0.1137  24.0781   0.0047  15.1067   0.0047 -3283.615
 41  14   1384.3    361.7   0.1183  80.0093   0.0015  50.0000   0.0015 -3320.429
 41  15   1392.1    353.9   0.1126  81.7788   0.0014  50.0000   0.0014 -3284.653
 41  16   1388.0    358.0   0.1198   7.6737   0.0156   5.0062   0.0156 -3323.912
 41  17   1385.6    360.4   0.1089  80.3249   0.0014  50.0000   0.0014 -3270.108
 41  18   1400.8    345.2   0.1026  83.8896   0.0012  50.0000   0.0012 -3214.258
 41  19   1375.0    371.0   0.1071   6.0755   0.0176   4.1263   0.0176 -3311.923
 41  20   1390.1    355.9   0.1019  81.3659   0.0013  50.0000   0.0013 -3260.371
 41  21   1391.1    354.9   0.0992  81.6162   0.0012  50.0000   0.0012 -3231.384
 41  22   1391.0    355.0   0.1000  81.5749   0.0012  50.0000   0.0012 -3235.416
 41  23   1391.2    354.8   0.1044  81.6076   0.0013  50.0000   0.0013 -3251.442
 41  24   1404.1    341.9   0.0932  84.7293   0.0011  50.0000   0.0011 -3192.168
 41  25   1390.6    355.4   0.0933  81.5237   0.0011  50.0000   0.0011 -3213.166
 41  26   1390.7    355.3   0.0951  81.5295   0.0012  50.0000   0.0012 -3225.127
 41  27   1394.9    351.1   0.1002  16.6906   0.0060  10.3081   0.0060 -3209.030
 41  28   1388.8    357.2   0.0952  10.1748   0.0094   6.4716   0.0094 -3217.999
 41  29   1386.7    359.3   0.0953  80.6343   0.0012  50.0000   0.0012 -3223.796
 41  30   1390.7    355.3   0.0934  81.5451   0.0011  50.0000   0.0011 -3203.620
 41  31   1392.2    353.8   0.0947  81.8715   0.0012  50.0000   0.0012 -3210.860
 41  32   1391.8    354.2   0.0935   6.6593   0.0140   4.2767   0.0140 -3195.302
 41  33   1391.1    354.9   0.0970   7.3148   0.0133   4.6929   0.0133 -3217.671
 41  34   1391.1    354.9   0.0970   7.3148   0.0133   4.6929   0.0133 -3217.671
 41  35   1398.7    347.3   0.0805   4.6834   0.0172   2.9879   0.0172 -3154.241
 41  36   1401.7    344.3   0.0800  38.5251   0.0021  22.9837   0.0021 -3138.921
 41  37   1375.4    370.6   0.0800  22.2281   0.0036  14.3447   0.0036 -3246.136
 41  38   1395.6    350.4   0.0681  17.5316   0.0039  10.7172   0.0039 -3110.917
 41  39   1389.4    356.6   0.0577   7.2642   0.0079   4.5887   0.0079 -3099.451
 41  40   1389.9    356.1   0.0447   7.7816   0.0057   4.8684   0.0057 -3021.159

